600 300 100 0.46742
600 400 100 0.052464
600 500 100 0.0033008
600 600 100 0.00083025
800 300 100 0.28642
800 400 100 0.075285
800 500 100 0.029397
800 600 100 0.00782689
1000 300 100 0.14834
1000 400 100 0.04844
1000 500 100 0.027545
1000 600 100 0.01511
1200 300 100 0.078043
1200 400 100 0.028053
1200 500 100 0.018397
1200 600 100 0.012562
1400 300 100 0.04268
1400 400 100 0.016158
1400 500 100 0.011416
1400 600 100 0.0086372
1700 300 100 0.018507
1700 400 100 0.0073166
1700 500 100 0.0054759
1700 600 100 0.004477
2000 300 100 0.0085964
2000 400 100 0.0034733
2000 500 100 0.0026851
2000 600 100 0.0022923
2500 300 100 0.0026755
2500 400 100 0.001103
2500 500 100 0.00087733
2500 600 100 0.00077499
