600 400 100 0.036639
600 500 100 0.00199751
600 600 100 0.00049742
800 400 100 0.052678
800 500 100 0.01984
800 600 100 0.00513912
1000 400 100 0.033718
1000 500 100 0.018552
1000 600 100 0.010079
1200 400 100 0.019457
1200 500 100 0.012354
1200 600 100 0.0083718
1400 400 100 0.011192
1400 500 100 0.0076365
1400 600 100 0.005735
1700 400 100 0.0050546
1700 500 100 0.0036564
1700 600 100 0.0029685
2000 400 100 0.0024022
2000 500 100 0.0017908
2000 600 100 0.0015144
2500 400 100 0.00076056
2500 500 100 0.00058275
2500 600 100 0.0005109
