600 400 100 0.019602
600 500 100 0.00094646
600 600 100 0.00023419
800 400 100 0.028205
800 500 100 0.010247
800 600 100 0.00259562
1000 400 100 0.017998
1000 500 100 0.0095631
1000 600 100 0.0051533
1200 400 100 0.010366
1200 500 100 0.0063576
1200 600 100 0.0042715
1400 400 100 0.0059495
1400 500 100 0.0039238
1400 600 100 0.0029216
1700 400 100 0.0026856
1700 500 100 0.001875
1700 600 100 0.0015087
2000 400 100 0.0012728
2000 500 100 0.00091649
2000 600 100 0.00076839
2500 400 100 0.00040326
2500 500 100 0.00029802
2500 600 100 0.00025858
