600 400 100 0.0055752
600 500 100 0.00024733
600 600 100 6.0874e-05
800 400 100 0.0080101
800 500 100 0.002834
800 600 100 0.000707359
1000 400 100 0.0051118
1000 500 100 0.0026457
1000 600 100 0.0014134
1200 400 100 0.0029407
1200 500 100 0.0017531
1200 600 100 0.0011722
1400 400 100 0.0016868
1400 500 100 0.0010815
1400 600 100 0.0008002
1700 400 100 0.00076026
1700 500 100 0.00051602
1700 600 100 0.00041285
2000 400 100 0.00036068
2000 500 100 0.00025216
2000 600 100 0.00020988
2500 400 100 0.00011424
2500 500 100 8.1989e-05
2500 600 100 7.0586e-05
