600 400 600 600
100 100 100 100
1000 150 1000 1000
1500 300 1500 1500
200 100 200 200
1200 400 1200 1200
1000 200 1000 1000
600 450 600 600
1500 350 1500 1500
200 150 200 200
600 500 600 600
1500 150 1500 1500
900 500 900 900
1000 100 1000 1000
1200 450 1200 1200
200 200 200 200
1000 250 1000 1000
1200 300 1200 1200
1500 250 1500 1500
1200 350 1200 1200
1500 400 1500 1500
700 100 700 700
300 100 300 300
700 150 700 700
300 150 300 300
1000 300 1000 1000
1500 450 1500 1500
300 200 300 300
700 200 700 700
300 250 300 300
1000 350 1000 1000
300 300 300 300
700 250 700 700
1000 400 1000 1000
400 100 400 400
700 300 700 700
400 150 400 400
700 350 700 700
400 200 400 400
1000 450 1000 1000
400 250 400 400
700 400 700 700
400 300 400 400
1000 500 1000 1000
400 350 400 400
700 450 700 700
1100 100 1100 1100
400 400 400 400
700 500 700 700
500 100 500 500
1300 350 1300 1300
500 150 500 500
1100 150 1100 1100
1300 400 1300 1300
800 100 800 800
500 200 500 500
1300 450 1300 1300
800 150 800 800
800 200 800 800
1100 200 1100 1100
500 250 500 500
800 250 800 800
500 300 500 500
1300 500 1300 1300
500 350 500 500
800 300 800 800
1100 250 1100 1100
500 400 500 500
1400 100 1400 1400
800 350 800 800
1400 150 1400 1400
1100 300 1100 1100
500 450 500 500
500 500 500 500
800 400 800 800
600 100 600 600
1100 350 1100 1100
1400 200 1400 1400
600 150 600 600
800 450 800 800
1100 400 1100 1100
800 500 800 800
600 200 600 600
1400 250 1400 1400
1100 450 1100 1100
1400 300 1400 1400
600 250 600 600
900 100 900 900
900 150 900 900
600 300 600 600
1100 500 1100 1100
600 350 600 600
900 200 900 900
1400 350 1400 1400
900 250 900 900
1200 100 1200 1200
1400 400 1400 1400
900 300 900 900
900 350 900 900
1200 150 1200 1200
1400 450 1400 1400
1400 500 1400 1400
900 400 900 900
1200 200 1200 1200
1500 100 1500 1500
900 450 900 900
1200 250 1200 1200
1500 200 1500 1500
1200 500 1200 1200
1300 100 1300 1300
1500 500 1500 1500
1300 150 1300 1300
1600 100 1600 1600
1600 150 1600 1600
1300 200 1300 1300
1600 200 1600 1600
1600 250 1600 1600
1300 250 1300 1300
1600 300 1600 1600
1300 300 1300 1300
1600 350 1600 1600
1600 400 1600 1600
1600 450 1600 1600
1600 500 1600 1600
