10 1
10 10
10 20
10 50
10 100
10 150
10 500
10 1000
20 1
15 10
20 20
20 50
20 100
20 150
20 500
20 1000
50 1
50 10
50 20
50 50
50 100
50 150
50 500
50 1000
100 1
100 10
100 20
95 50
100 100
100 150
100 500
100 1000
200 1
200 10
200 20
200 50
195 100
200 150
200 500
200 1000
300 1
300 10
300 20
300 50
300 100
295 150
300 500
300 1000
400 1
400 10
400 20
400 50
400 100
400 150
400 500
400 1000
500 1
500 10
500 20
500 50
500 100
500 150
500 500
500 1000
600 1
600 10
600 20
600 50
600 100
600 150
600 500
600 1000
700 1
700 10
700 20
700 50
700 100
700 150
700 500
700 1000
800 1
800 10
800 20
800 50
800 100
800 150
800 500
800 1000
900 1
900 10
900 20
900 50
900 100
900 150
900 500
900 1000
1000 1
1000 10
1000 20
1000 50
1000 100
1000 150
995 500
1000 1000
1100 1
1100 10
1100 20
1100 50
1100 100
1100 150
1100 500
1100 1000
1200 1
1200 10
1200 20
1200 50
1200 100
1200 150
1200 500
1200 1000
1300 1
1300 10
1300 20
1300 50
1300 100
1300 150
1300 500
1300 1000
1400 1
1400 10
1400 20
1400 50
1400 100
1400 150
1400 500
1400 1000
1500 1
1500 10
1500 20
1500 50
1500 100
1500 150
1500 500
1500 1000
2000 1
2000 10
2000 20
2000 50
2000 100
2000 150
2000 500
1995 1000
10000 1
10000 10
10000 20
10000 50
10000 100
10000 150
10000 500
10000 1000
