300 300 1.0496 0.00662405
300 500 1.04145 0.00893263
300 600 1.03536 0.00555781
300 800 1.02263 0.0123131
400 1000 1.02746 0.00556209
400 300 1.05316 0.0116126
400 500 1.0409 0.0139326
400 600 1.04564 0.0157117
400 800 1.03321 0.0190231
500 1000 1.03471 0.00725563
500 300 1.05509 0.0142512
500 500 1.04954 0.00606115
500 600 1.05057 0.00666612
500 800 1.04222 0.0068685
600 1000 1.04079 0.00632995
600 300 1.05209 0.00801706
600 400 1.05237 0.00682061
800 1000 1.04197 0.00757589
800 300 1.04542 0.00641583
800 400 1.04579 0.0103126
800 500 1.04571 0.0075874
800 600 1.04707 0.00760941
1000 1000 1.04083 0.00811562
1000 300 1.04068 0.00652988
1000 400 1.04062 0.00961053
1000 500 1.04042 0.00620573
1000 600 1.04041 0.00822831
1000 700 1.03958 0.00691448
1000 800 1.04044 0.00831638
1200 1000 1.03307 0.00879692
1200 300 1.03568 0.00658953
1200 400 1.03562 0.00644171
1200 500 1.03603 0.010336
1200 600 1.0355 0.0086425
1200 700 1.03568 0.00839837
1200 800 1.03522 0.00865722
1400 1000 1.0303 0.00859237
1400 300 1.03098 0.00669309
1400 400 1.03059 0.00649785
1400 500 1.03061 0.00692756
1400 600 1.03108 0.00910693
1400 700 1.0303 0.00863473
1400 800 1.03036 0.00820652
1700 1000 1.02017 0.0079424
1700 300 1.02107 0.00681439
1700 400 1.02161 0.00662555
1700 500 1.02066 0.00647792
1700 600 1.02163 0.00763282
1700 700 1.02143 0.0101248
1700 800 1.02091 0.00957603
2000 1000 1.00738 0.00620566
2000 300 1.00873 0.00699197
2000 400 1.00842 0.00677928
2000 500 1.00858 0.00656738
2000 600 1.008 0.00629712
2000 700 1.0081 0.0108628
2000 800 1.00817 0.00660385
2500 1000 0.98021 0.00607542
2500 300 0.982049 0.00768948
2500 400 0.982845 0.00720005
2500 500 0.981691 0.00685677
2500 600 0.981391 0.00661048
2500 700 0.980708 0.00638561
2500 800 0.980611 0.00618851
2750 1000 0.965812 0.00687472
2750 300 0.969619 0.0102233
2750 500 0.967656 0.00712801
2750 800 0.966017 0.00622127
3000 1000 0.955316 0.00606729
3000 300 0.95801 0.0123217
3000 500 0.956673 0.00778575
3000 800 0.955491 0.00647614
3500 1000 0.943314 0.00636221
3500 300 0.950059 0.00607817
3500 500 0.949027 0.00921174
3500 800 0.95042 0.00723489
4000 1000 0.967938 0.00758003
4000 300 0.967667 0.00648897
4000 500 0.972271 0.0128572
4000 800 0.968957 0.00904256
