300   300   0.007026   3.143e-05  0.006694   2.98e-05   1.0496    0.00662405
300   500   0.0004598  2.781e-06  0.0004415  2.685e-06  1.04145   0.00893263
300   600   0.0002108  8.016e-07  0.0002036  7.714e-07  1.03536   0.00555781
300   800   5.964e-05  5.04e-07   5.832e-05  5.002e-07  1.02263   0.0123131
400   1000  2.881e-05  1.098e-07  2.804e-05  1.078e-07  1.02746   0.00556209
400   300   0.02001    0.0001505  0.019      0.0001532  1.05316   0.0116126
400   500   0.0006922  6.54e-06   0.000665   6.305e-06  1.0409    0.0139326
400   600   0.0003024  3.22e-06   0.0002892  3.066e-06  1.04564   0.0157117
400   800   8.119e-05  1.056e-06  7.858e-05  1.024e-06  1.03321   0.0190231
500   1000  5.575e-05  2.767e-07  5.388e-05  2.669e-07  1.03471   0.00725563
500   300   0.3792     0.003571   0.3594     0.00348    1.05509   0.0142512
500   500   0.001716   7.055e-06  0.001635   6.631e-06  1.04954   0.00606115
500   600   0.0006419  3.056e-06  0.000611   2.563e-06  1.05057   0.00666612
500   800   0.000158   7.33e-07   0.0001516  7.096e-07  1.04222   0.0068685
600   1000  9.033e-05  3.912e-07  8.679e-05  3.706e-07  1.04079   0.00632995
600   300   0.4827     0.002625   0.4588     0.002449   1.05209   0.00801706
600   400   0.06893    0.0003163  0.0655     0.0002998  1.05237   0.00682061
800   1000  0.0001738  8.964e-07  0.0001668  8.548e-07  1.04197   0.00757589
800   300   0.2969     0.001292   0.284      0.001229   1.04542   0.00641583
800   400   0.09775    0.0006735  0.09347    0.0006594  1.04579   0.0103126
800   500   0.03935    0.0002008  0.03763    0.0001941  1.04571   0.0075874
800   600   0.0109     5.607e-05  0.01041    5.344e-05  1.04707   0.00760941
1000  1000  0.0003212  1.793e-06  0.0003086  1.68e-06   1.04083   0.00811562
1000  300   0.1535     0.0006843  0.1475     0.0006513  1.04068   0.00652988
1000  400   0.06277    0.000401   0.06032    0.0004023  1.04062   0.00961053
1000  500   0.03681    0.0001561  0.03538    0.0001484  1.04042   0.00620573
1000  600   0.02034    0.0001175  0.01955    0.0001056  1.04041   0.00822831
1000  700   0.00922    4.35e-05   0.008869   4.158e-05  1.03958   0.00691448
1000  800   0.002959   1.676e-05  0.002844   1.604e-05  1.04044   0.00831638
1200  1000  0.001031   6.24e-06   0.000998   5.978e-06  1.03307   0.00879692
1200  300   0.0807     0.0003656  0.07792    0.0003481  1.03568   0.00658953
1200  400   0.03634    0.0001609  0.03509    0.0001533  1.03562   0.00644171
1200  500   0.02473    0.0001778  0.02387    0.0001651  1.03603   0.010336
1200  600   0.01692    0.0001016  0.01634    9.472e-05  1.0355    0.0086425
1200  700   0.01074    6.304e-05  0.01037    5.802e-05  1.03568   0.00839837
1200  800   0.006055   3.672e-05  0.005849   3.368e-05  1.03522   0.00865722
1400  1000  0.002142   1.259e-05  0.002079   1.23e-05   1.0303    0.00859237
1400  300   0.04393    0.0002033  0.04261    0.000194   1.03098   0.00669309
1400  400   0.02089    9.386e-05  0.02027    8.966e-05  1.03059   0.00649785
1400  500   0.01515    6.918e-05  0.0147     7.251e-05  1.03061   0.00692756
1400  600   0.01161    7.357e-05  0.01126    6.928e-05  1.03108   0.00910693
1400  700   0.008534   5.145e-05  0.008283   4.822e-05  1.0303    0.00863473
1400  800   0.005906   3.399e-05  0.005732   3.156e-05  1.03036   0.00820652
1700  1000  0.002175   1.223e-05  0.002132   1.148e-05  1.02017   0.0079424
1700  300   0.0189     9.007e-05  0.01851    8.648e-05  1.02107   0.00681439
1700  400   0.009408   4.354e-05  0.009209   4.184e-05  1.02161   0.00662555
1700  500   0.007213   3.268e-05  0.007067   3.141e-05  1.02066   0.00647792
1700  600   0.005951   3.087e-05  0.005825   3.132e-05  1.02163   0.00763282
1700  700   0.004909   3.526e-05  0.004806   3.283e-05  1.02143   0.0101248
1700  800   0.003906   2.656e-05  0.003826   2.472e-05  1.02091   0.00957603
2000  1000  0.001502   6.616e-06  0.001491   6.421e-06  1.00738   0.00620566
2000  300   0.008669   4.295e-05  0.008594   4.166e-05  1.00873   0.00699197
2000  400   0.004432   2.129e-05  0.004395   2.067e-05  1.00842   0.00677928
2000  500   0.003528   1.64e-05   0.003498   1.595e-05  1.00858   0.00656738
2000  600   0.003024   1.35e-05   0.003      1.311e-05  1.008     0.00629712
2000  700   0.002615   2.001e-05  0.002594   1.968e-05  1.0081    0.0108628
2000  800   0.002222   1.026e-05  0.002204   1.024e-05  1.00817   0.00660385
2500  1000  0.000634   2.793e-06  0.0006468  2.82e-06   0.98021   0.00607542
2500  300   0.002626   1.469e-05  0.002674   1.465e-05  0.982049  0.00768948
2500  400   0.001375   7.181e-06  0.001399   7.187e-06  0.982845  0.00720005
2500  500   0.001126   5.603e-06  0.001147   5.622e-06  0.981691  0.00685677
2500  600   0.001002   4.792e-06  0.001021   4.843e-06  0.981391  0.00661048
2500  700   0.0008947  4.145e-06  0.0009123  4.174e-06  0.980708  0.00638561
2500  800   0.0008092  3.629e-06  0.0008252  3.664e-06  0.980611  0.00618851
2750  1000  0.0003955  1.766e-06  0.0004095  2.27e-06   0.965812  0.00687472
2750  300   0.0015     1.053e-05  0.001547   1.217e-05  0.969619  0.0102233
2750  500   0.0006522  3.418e-06  0.000674   3.489e-06  0.967656  0.00712801
2750  800   0.0004861  2.217e-06  0.0005032  2.288e-06  0.966017  0.00622127
3000  1000  0.000248   1.102e-06  0.0002596  1.178e-06  0.955316  0.00606729
3000  300   0.0008761  7.598e-06  0.0009145  8.686e-06  0.95801   0.0123217
3000  500   0.0003842  2.23e-06   0.0004016  2.291e-06  0.956673  0.00778575
3000  800   0.0002941  1.402e-06  0.0003078  1.483e-06  0.955491  0.00647614
3500  1000  9.735e-05  4.554e-07  0.0001032  5.014e-07  0.943314  0.00636221
3500  300   0.0003196  1.378e-06  0.0003364  1.59e-06   0.950059  0.00607817
3500  500   0.0001415  9.837e-07  0.0001491  1.01e-06   0.949027  0.00921174
3500  800   0.0001131  6.093e-07  0.000119   6.4e-07    0.95042   0.00723489
4000  1000  3.985e-05  2.163e-07  4.117e-05  2.324e-07  0.967938  0.00758003
4000  300   0.0001257  5.593e-07  0.0001299  6.517e-07  0.967667  0.00648897
4000  500   5.575e-05  5.338e-07  5.734e-05  5.23e-07   0.972271  0.0128572
4000  800   4.526e-05  2.987e-07  4.671e-05  3.082e-07  0.968957  0.00904256
