600 300 100 0.1553
600 400 100 0.038125
600 500 100 0.00219675
600 600 100 0.000561
800 300 100 0.097764
800 400 100 0.055513
800 500 100 0.025403
800 600 100 0.00679199
800 700 100 0.00080054
1000 300 100 0.051373
1000 400 100 0.035979
1000 500 100 0.023921
1000 600 100 0.013812
1000 700 100 0.0062843
1200 300 100 0.027327
1200 400 100 0.020968
1200 500 100 0.016024
1200 600 100 0.011526
1200 700 100 0.0075301
1400 300 100 0.015007
1400 400 100 0.01213
1400 500 100 0.0099599
1400 600 100 0.00794
1400 700 100 0.0059983
1700 300 100 0.0065456
1700 400 100 0.0055049
1700 500 100 0.0047949
1700 600 100 0.00413
1700 700 100 0.0034584
2000 300 100 0.0030434
2000 400 100 0.0026237
2000 500 100 0.0023533
2000 600 100 0.0021116
2000 700 100 0.0018658
2500 300 100 0.00094896
2500 400 100 0.00083414
2500 500 100 0.00076913
2500 600 100 0.00071471
2500 700 100 0.00065937
