600 300 100 0.11936
600 400 100 0.030011
600 500 100 0.00172355
600 600 100 0.00043974
800 300 100 0.075245
800 400 100 0.043774
800 500 100 0.020169
800 600 100 0.00540364
800 700 100 0.0006253
1000 300 100 0.039599
1000 400 100 0.028403
1000 500 100 0.019003
1000 600 100 0.011004
1000 700 100 0.005006
1000 800 100 0.00143766
1200 300 100 0.021046
1200 400 100 0.016552
1200 500 100 0.012743
1200 600 100 0.0091867
1200 700 100 0.0060095
1200 800 100 0.003412
1400 300 100 0.011573
1400 400 100 0.0095726
1400 500 100 0.007922
1400 600 100 0.0063279
1400 700 100 0.0047856
1400 800 100 0.0033753
1700 300 100 0.0050483
1700 400 100 0.0043488
1700 500 100 0.0038132
1700 600 100 0.0032948
1700 700 100 0.002761
1700 800 100 0.0022379
2000 300 100 0.0023481
2000 400 100 0.0020717
2000 500 100 0.0018733
2000 600 100 0.0016847
2000 700 100 0.0014896
2000 800 100 0.0012903
2500 300 100 0.00073218
2500 400 100 0.00065857
2500 500 100 0.00061224
2500 600 100 0.00056978
2500 700 100 0.00052674
2500 800 100 0.00048143
