600 300 100 0.40344
600 400 100 0.074806
600 500 100 0.004795
600 600 100 0.00121473
800 300 100 0.25085
800 400 100 0.10781
800 500 100 0.045877
800 600 100 0.0123682
1000 300 100 0.13083
1000 400 100 0.06972
1000 500 100 0.04301
1000 600 100 0.024246
1200 300 100 0.069218
1200 400 100 0.04047
1200 500 100 0.028803
1200 600 100 0.020171
1400 300 100 0.03799
1400 400 100 0.023349
1400 500 100 0.017855
1400 600 100 0.013878
1700 300 100 0.016526
1700 400 100 0.010596
1700 500 100 0.0085918
1700 600 100 0.0072104
2000 300 100 0.0076687
2000 400 100 0.0050393
2000 500 100 0.0042196
2000 600 100 0.0036909
2500 300 100 0.0023884
2500 400 100 0.0016023
2500 500 100 0.0013771
2500 600 100 0.0012485
