600 300 100 0.46176
600 400 100 0.0650946
600 500 100 0.0047799
600 600 100 0.00122047
800 300 100 0.28485
800 400 100 0.09358
800 500 100 0.03765
800 600 100 0.01033558
1000 300 100 0.14781
1000 400 100 0.060555
1000 500 100 0.035359
1000 600 100 0.019537
1200 300 100 0.077971
1200 400 100 0.035189
1200 500 100 0.023701
1200 600 100 0.016282
1400 300 100 0.042725
1400 400 100 0.020322
1400 500 100 0.01474
1400 600 100 0.011225
1700 300 100 0.018558
1700 400 100 0.0092212
1700 500 100 0.0071031
1700 600 100 0.005845
2000 300 100 0.0086056
2000 400 100 0.0043868
2000 500 100 0.0034957
2000 600 100 0.0029996
2500 300 100 0.0026772
2500 400 100 0.001394
2500 500 100 0.0011447
2500 600 100 0.0010189
