600 300 100 0.19524
600 400 100 0.046524
600 500 100 0.0027048
600 600 100 0.00069328
800 300 100 0.12267
800 400 100 0.067667
800 500 100 0.030699
800 600 100 0.00821978
800 700 100 0.00098623
1000 300 100 0.064405
1000 400 100 0.043846
1000 500 100 0.028888
1000 600 100 0.016654
1000 700 100 0.00756
1200 300 100 0.034233
1200 400 100 0.025541
1200 500 100 0.019339
1200 600 100 0.013872
1200 700 100 0.0090432
1400 300 100 0.018801
1400 400 100 0.014769
1400 500 100 0.012022
1400 600 100 0.0095423
1400 700 100 0.0071996
1700 300 100 0.0081984
1700 400 100 0.0067014
1700 500 100 0.0057873
1700 600 100 0.004964
1700 700 100 0.0041546
2000 300 100 0.0038088
2000 400 100 0.0031948
2000 500 100 0.0028396
2000 600 100 0.0025395
2000 700 100 0.0022394
2500 300 100 0.0011877
2500 400 100 0.0010139
2500 500 100 0.00092796
2500 600 100 0.00085885
2500 700 100 0.00079143
