600 300 100 0.44091
600 400 100 0.073291
600 500 100 0.0049412
600 600 100 0.00125261
800 300 100 0.27313
800 400 100 0.10532
800 500 100 0.043766
800 600 100 0.0118787
1000 300 100 0.14216
1000 400 100 0.068117
1000 500 100 0.041041
1000 600 100 0.022958
1200 300 100 0.075113
1200 400 100 0.039554
1200 500 100 0.027482
1200 600 100 0.019108
1400 300 100 0.041194
1400 400 100 0.022828
1400 500 100 0.017084
1400 600 100 0.013144
1700 300 100 0.017909
1700 400 100 0.010356
1700 500 100 0.0082092
1700 600 100 0.0068353
2000 300 100 0.0083091
2000 400 100 0.0049227
2000 500 100 0.0040313
2000 600 100 0.0035006
2500 300 100 0.0025862
2500 400 100 0.0015646
2500 500 100 0.0013187
2500 600 100 0.0011863
