600 700 100 7.11707e-05
600 800 100 3.73226e-05
1000 400 100 0.0026796
1200 400 100 0.0016666
1200 500 100 0.000847176
1400 400 100 0.0010145
1400 500 100 0.00056895
1400 600 100 0.000371024
1700 400 100 0.00048896
1700 500 100 0.00029939
1700 600 100 0.000214304
1700 700 100 0.000156844
1700 800 100 0.0001140592
2000 400 100 0.00024348
2000 500 100 0.00015723
2000 600 100 0.0001188
2000 700 100 9.24592e-05
2000 800 100 7.22488e-05
2500 400 100 8.2068e-05
2500 500 100 5.5854e-05
2500 600 100 4.4465e-05
2500 700 100 3.6614e-05
2500 800 100 3.0454e-05
