600 300 100 0.3612
600 400 100 0.072306
600 500 100 0.0044901
600 600 100 0.00113663
800 300 100 0.22513
800 400 100 0.10438
800 500 100 0.045269
800 600 100 0.0121708
1000 300 100 0.11764
1000 400 100 0.067549
1000 500 100 0.042461
1000 600 100 0.0241
1200 300 100 0.062295
1200 400 100 0.039251
1200 500 100 0.028409
1200 600 100 0.02005
1400 300 100 0.034212
1400 400 100 0.022653
1400 500 100 0.017646
1400 600 100 0.013782
1700 300 100 0.014892
1700 400 100 0.010278
1700 500 100 0.0084803
1700 600 100 0.0071531
2000 300 100 0.0069123
2000 400 100 0.004893
2000 500 100 0.004162
2000 600 100 0.0036627
2500 300 100 0.0021536
2500 400 100 0.0015541
2500 500 100 0.0013581
2500 600 100 0.001239
