600 300 100 0.46176
650 300 100 0.43011
700 300 100 0.38292
750 300 100 0.33213
800 300 100 0.28485
850 300 100 0.24239
900 300 100 0.20567
950 300 100 0.17444
1000 300 100 0.14781
1050 300 100 0.12571
1100 300 100 0.10709
1150 300 100 0.091265
1200 300 100 0.077971
1250 300 100 0.066853
1300 300 100 0.057412
1350 300 100 0.049473
1400 300 100 0.042725
1450 300 100 0.03699
1500 300 100 0.032075
1550 300 100 0.02789
1600 300 100 0.024281
1650 300 100 0.021192
1700 300 100 0.018558
1750 300 100 0.016252
1800 300 100 0.014278
1850 300 100 0.012542
1900 300 100 0.011046
1950 300 100 0.0097422
2000 300 100 0.0086056
2050 300 100 0.0076158
2100 300 100 0.0067503
2150 300 100 0.0059915
2200 300 100 0.005321
2250 300 100 0.0047317
2300 300 100 0.0042144
2350 300 100 0.0037585
2400 300 100 0.0033502
2450 300 100 0.0029966
2500 300 100 0.0026772
