600 300 100 0.02945
600 400 100 0.00405023
600 500 100 0.000219544
600 600 100 5.33069e-05
800 300 100 0.018133
800 400 100 0.0059697
800 500 100 0.0023953
800 600 100 0.000630693
1000 300 100 0.0093712
1000 400 100 0.0038519
1000 500 100 0.0022587
1000 600 100 0.001249
1200 300 100 0.0049227
1200 400 100 0.0022296
1200 500 100 0.0015087
1200 600 100 0.0010416
1400 300 100 0.0026828
1400 400 100 0.0012837
1400 500 100 0.00093524
1400 600 100 0.00071525
1700 300 100 0.0011564
1700 400 100 0.00057857
1700 500 100 0.00044792
1700 600 100 0.00037033
2000 300 100 0.00053288
2000 400 100 0.00027331
2000 500 100 0.00021905
2000 600 100 0.00018884
2500 300 100 0.00016332
2500 400 100 8.5562e-05
2500 500 100 7.0763e-05
2500 600 100 6.3365e-05
