600 300 100 0.11738
600 400 100 0.0162347
600 600 100 0.000231113
800 300 100 0.072207
800 400 100 0.023764
800 500 100 0.0095419
800 600 100 0.00253465
1000 300 100 0.03733
1000 400 100 0.015364
1000 500 100 0.0089823
1000 600 100 0.0049661
1200 300 100 0.019649
1200 400 100 0.0088936
1200 500 100 0.0060113
1200 600 100 0.0041451
1400 300 100 0.01072
1400 400 100 0.0051189
1400 500 100 0.0037309
1400 600 100 0.002849
1700 300 100 0.0046304
1700 400 100 0.002314
1700 500 100 0.0017897
1700 600 100 0.0014778
2000 300 100 0.0021382
2000 400 100 0.0010947
2000 500 100 0.00087554
2000 600 100 0.0007542
2500 300 100 0.00065675
2500 400 100 0.0003439
2500 500 100 0.00028408
2500 600 100 0.00025382
