10 1 6.620480e-01 0.0662048
10 10 3.969511e-01 0.0396951
10 20 3.969511e-01 0.0396951
10 50 3.969511e-01 0.0396951
10 100 3.969511e-01 0.0396951
10 150 3.969511e-01 0.0396951
10 500 3.969511e-01 0.0396951
10 1000 3.969511e-01 0.0396951
20 1 1.410988e+00 0.0705494
15 10 6.539951e-01 0.0435997
20 20 8.804916e-01 0.0440246
20 50 8.804916e-01 0.0440246
20 100 8.804916e-01 0.0440246
20 150 8.804916e-01 0.0440246
20 500 8.804916e-01 0.0440246
20 1000 8.804916e-01 0.0440246
50 1 3.536123e+00 0.0707225
50 10 3.522644e+00 0.0704529
50 20 3.260255e+00 0.0652051
50 50 2.209833e+00 0.0441967
50 100 2.209833e+00 0.0441967
50 150 2.209833e+00 0.0441967
50 500 2.209833e+00 0.0441967
50 1000 2.209833e+00 0.0441967
100 1 7.072643e+00 0.0707264
100 10 7.071030e+00 0.0707103
100 20 7.045683e+00 0.0704568
95 50 4.199052e+00 0.0442005
100 100 4.420060e+00 0.0442006
100 150 4.420060e+00 0.0442006
100 500 4.420060e+00 0.0442006
100 1000 4.420060e+00 0.0442006
200 1 1.414533e+01 0.0707267
200 10 1.414513e+01 0.0707257
200 20 1.414211e+01 0.0707105
200 50 1.400888e+01 0.0700444
195 100 8.619165e+00 0.0442008
200 150 8.840170e+00 0.0442008
200 500 8.840170e+00 0.0442008
200 1000 8.840170e+00 0.0442008
300 1 2.121801e+01 0.0707267
300 10 2.121795e+01 0.0707265
300 20 2.121706e+01 0.0707235
300 50 2.117971e+01 0.070599
300 100 2.050969e+01 0.0683656
295 150 1.303925e+01 0.0442008
300 500 1.326026e+01 0.0442009
300 1000 1.326026e+01 0.0442009
400 1 3.076239e+01 0.076906
400 10 3.076237e+01 0.0769059
400 20 3.076199e+01 0.076905
400 50 3.074651e+01 0.0768663
400 100 3.048948e+01 0.0762237
400 150 2.914397e+01 0.0728599
400 500 2.015206e+01 0.0503801
400 1000 2.015206e+01 0.0503801
500 1 3.933022e+01 0.0786604
500 10 3.933021e+01 0.0786604
500 20 3.933002e+01 0.07866
500 50 3.932216e+01 0.0786443
500 100 3.919542e+01 0.0783908
500 150 3.858750e+01 0.077175
500 500 2.606731e+01 0.0521346
500 1000 2.606731e+01 0.0521346
600 1 4.749603e+01 0.07916
600 10 4.749603e+01 0.07916
600 20 4.749592e+01 0.0791599
600 50 4.749139e+01 0.0791523
600 100 4.741944e+01 0.0790324
600 150 4.708667e+01 0.0784778
600 500 3.158054e+01 0.0526342
600 1000 3.158054e+01 0.0526342
700 1 5.554880e+01 0.0793554
700 10 5.554879e+01 0.0793554
700 20 5.554872e+01 0.0793553
700 50 5.554588e+01 0.0793513
700 100 5.550107e+01 0.0792872
700 150 5.529781e+01 0.0789969
700 500 3.698072e+01 0.0528296
700 1000 3.698072e+01 0.0528296
800 1 6.355657e+01 0.0794457
800 10 6.355657e+01 0.0794457
800 20 6.355652e+01 0.0794456
800 50 6.355462e+01 0.0794433
800 100 6.352481e+01 0.079406
800 150 6.339118e+01 0.079239
800 500 4.233591e+01 0.0529199
800 1000 4.233591e+01 0.0529199
900 1 7.154311e+01 0.0794923
900 10 7.154311e+01 0.0794923
900 20 7.154308e+01 0.0794923
900 50 7.154174e+01 0.0794908
900 100 7.152091e+01 0.0794677
900 150 7.142822e+01 0.0793647
900 500 4.766987e+01 0.0529665
900 1000 4.766987e+01 0.0529665
1000 1 7.951848e+01 0.0795185
1000 10 7.951847e+01 0.0795185
1000 20 7.951845e+01 0.0795185
1000 50 7.951748e+01 0.0795175
1000 100 7.950234e+01 0.0795023
1000 150 7.943536e+01 0.0794354
995 500 5.272669e+01 0.0529916
1000 1000 5.299265e+01 0.0529926
1100 1 8.748747e+01 0.0795341
1100 10 8.748747e+01 0.0795341
1100 20 8.748745e+01 0.079534
1100 50 8.748672e+01 0.0795334
1100 100 8.747537e+01 0.0795231
1100 150 8.742536e+01 0.0794776
1100 500 7.548772e+01 0.0686252
1100 1000 5.830906e+01 0.0530082
1200 1 9.545260e+01 0.0795438
1200 10 9.545260e+01 0.0795438
1200 20 9.545258e+01 0.0795438
1200 50 9.545202e+01 0.0795433
1200 100 9.544330e+01 0.0795361
1200 150 9.540496e+01 0.0795041
1200 500 8.732631e+01 0.0727719
1200 1000 6.362161e+01 0.053018
1300 1 1.034153e+02 0.0795502
1300 10 1.034153e+02 0.0795502
1300 20 1.034153e+02 0.0795502
1300 50 1.034148e+02 0.0795498
1300 100 1.034080e+02 0.0795446
1300 150 1.033779e+02 0.0795215
1300 500 9.748465e+01 0.0749882
1300 1000 6.893171e+01 0.0530244
1400 1 1.113763e+02 0.0795545
1400 10 1.113763e+02 0.0795545
1400 20 1.113763e+02 0.0795545
1400 50 1.113760e+02 0.0795543
1400 100 1.113705e+02 0.0795504
1400 150 1.113465e+02 0.0795332
1400 500 1.068602e+02 0.0763287
1400 1000 7.424018e+01 0.0530287
1500 1 1.193363e+02 0.0795575
1500 10 1.193363e+02 0.0795575
1500 20 1.193363e+02 0.0795575
1500 50 1.193360e+02 0.0795573
1500 100 1.193315e+02 0.0795543
1500 150 1.193121e+02 0.0795414
1500 500 1.157947e+02 0.0771965
1500 1000 7.954755e+01 0.0530317
2000 1 1.591279e+02 0.079564
2000 10 1.591279e+02 0.079564
2000 20 1.591279e+02 0.079564
2000 50 1.591277e+02 0.0795639
2000 100 1.591259e+02 0.079563
2000 150 1.591177e+02 0.0795589
2000 500 1.577633e+02 0.0788816
1995 1000 1.058110e+02 0.0530381
10000 1 7.956686e+02 0.0795669
10000 10 7.956686e+02 0.0795669
10000 20 7.956686e+02 0.0795669
10000 50 7.956686e+02 0.0795669
10000 100 7.956686e+02 0.0795669
10000 150 7.956685e+02 0.0795668
10000 500 7.956586e+02 0.0795659
10000 1000 7.955072e+02 0.0795507
