300 300 0.982073 0.00623209
300 500 0.934768 0.00652604
300 600 0.913065 0.00486556
300 800 0.870713 0.0106449
400 1000 0.880171 0.00546415
400 300 1.00526 0.0113665
400 500 0.964812 0.0129866
400 600 0.948824 0.0144026
400 800 0.916009 0.0132405
500 1000 0.934855 0.00659633
500 300 1.01057 0.0139791
500 500 0.980428 0.00548615
500 600 0.967267 0.00546292
500 800 0.945251 0.00625505
600 1000 0.947344 0.00586275
600 300 0.994333 0.00769935
600 400 0.992519 0.00648577
800 1000 0.938849 0.00693893
800 300 0.964437 0.00598178
800 400 0.963411 0.00959836
800 500 0.96253 0.00699084
800 600 0.961575 0.00705217
1000 1000 0.92385 0.00707362
1000 300 0.935593 0.00593052
1000 400 0.934847 0.00878251
1000 500 0.934709 0.005635
1000 600 0.934015 0.00751165
1000 700 0.932123 0.00625895
1000 800 0.931786 0.0075055
1200 1000 0.902104 0.00773536
1200 300 0.908624 0.00584223
1200 400 0.907951 0.00571153
1200 500 0.907415 0.00918266
1200 600 0.906977 0.00774604
1200 700 0.907136 0.0075241
1200 800 0.905967 0.00776109
1400 1000 0.877826 0.00745183
1400 300 0.882422 0.00579586
1400 400 0.881598 0.00562527
1400 500 0.880272 0.00596677
1400 600 0.880906 0.00797613
1400 700 0.880237 0.00759385
1400 800 0.879972 0.00722739
1700 1000 0.838649 0.00675831
1700 300 0.843328 0.00571635
1700 400 0.841785 0.0055455
1700 500 0.841092 0.00541958
1700 600 0.840343 0.00640216
1700 700 0.839784 0.0084993
1700 800 0.840565 0.00810531
2000 1000 0.798122 0.00500866
2000 300 0.802653 0.00569765
2000 400 0.797042 0.00553863
2000 500 0.801315 0.00531874
2000 600 0.800667 0.00509723
2000 700 0.800308 0.00887473
2000 800 0.798548 0.00521043
2500 1000 0.72449 0.00464298
2500 300 0.731488 0.00602501
2500 400 0.730522 0.00560379
2500 500 0.728858 0.00530804
2500 600 0.728697 0.00510449
2500 700 0.725858 0.00491457
2500 800 0.726006 0.0047715
2750 1000 0.683516 0.00508054
2750 300 0.692954 0.00814689
2750 500 0.689318 0.00539025
2750 800 0.687003 0.00466875
3000 1000 0.646379 0.00444055
3000 300 0.653691 0.00944752
3000 500 0.651643 0.00565802
3000 800 0.643925 0.00471784
3500 1000 0.553101 0.00428466
3500 300 0.575803 0.00409876
3500 500 0.565996 0.00657116
3500 800 0.560504 0.00486233
4000 1000 0.44547 0.00461465
4000 300 0.484065 0.00428376
4000 500 0.471224 0.00851371
4000 800 0.462428 0.0056785
