300   300   0.006574   2.973e-05  0.006694   2.98e-05   0.982073  0.00623209
300   500   0.0004127  1.415e-06  0.0004415  2.685e-06  0.934768  0.00652604
300   600   0.0001859  6.966e-07  0.0002036  7.714e-07  0.913065  0.00486556
300   800   5.078e-05  4.424e-07  5.832e-05  5.002e-07  0.870713  0.0106449
400   1000  2.468e-05  1.203e-07  2.804e-05  1.078e-07  0.880171  0.00546415
400   300   0.0191     0.0001514  0.019      0.0001532  1.00526   0.0113665
400   500   0.0006416  6.13e-06   0.000665   6.305e-06  0.964812  0.0129866
400   600   0.0002744  2.981e-06  0.0002892  3.066e-06  0.948824  0.0144026
400   800   7.198e-05  4.502e-07  7.858e-05  1.024e-06  0.916009  0.0132405
500   1000  5.037e-05  2.531e-07  5.388e-05  2.669e-07  0.934855  0.00659633
500   300   0.3632     0.003588   0.3594     0.00348    1.01057   0.0139791
500   500   0.001603   6.18e-06   0.001635   6.631e-06  0.980428  0.00548615
500   600   0.000591   2.235e-06  0.000611   2.563e-06  0.967267  0.00546292
500   800   0.0001433  6.703e-07  0.0001516  7.096e-07  0.945251  0.00625505
600   1000  8.222e-05  3.683e-07  8.679e-05  3.706e-07  0.947344  0.00586275
600   300   0.4562     0.002559   0.4588     0.002449   0.994333  0.00769935
600   400   0.06501    0.0003032  0.0655     0.0002998  0.992519  0.00648577
800   1000  0.0001566  8.34e-07   0.0001668  8.548e-07  0.938849  0.00693893
800   300   0.2739     0.001217   0.284      0.001229   0.964437  0.00598178
800   400   0.09005    0.0006335  0.09347    0.0006594  0.963411  0.00959836
800   500   0.03622    0.0001852  0.03763    0.0001941  0.96253   0.00699084
800   600   0.01001    5.243e-05  0.01041    5.344e-05  0.961575  0.00705217
1000  1000  0.0002851  1.535e-06  0.0003086  1.68e-06   0.92385   0.00707362
1000  300   0.138      0.0006276  0.1475     0.0006513  0.935593  0.00593052
1000  400   0.05639    0.0003731  0.06032    0.0004023  0.934847  0.00878251
1000  500   0.03307    0.0001432  0.03538    0.0001484  0.934709  0.005635
1000  600   0.01826    0.0001088  0.01955    0.0001056  0.934015  0.00751165
1000  700   0.008267   3.974e-05  0.008869   4.158e-05  0.932123  0.00625895
1000  800   0.00265    1.524e-05  0.002844   1.604e-05  0.931786  0.0075055
1200  1000  0.0009003  5.524e-06  0.000998   5.978e-06  0.902104  0.00773536
1200  300   0.0708     0.0003274  0.07792    0.0003481  0.908624  0.00584223
1200  400   0.03186    0.0001442  0.03509    0.0001533  0.907951  0.00571153
1200  500   0.02166    0.00016    0.02387    0.0001651  0.907415  0.00918266
1200  600   0.01482    9.295e-05  0.01634    9.472e-05  0.906977  0.00774604
1200  700   0.009407   5.76e-05   0.01037    5.802e-05  0.907136  0.0075241
1200  800   0.005299   3.361e-05  0.005849   3.368e-05  0.905967  0.00776109
1400  1000  0.001825   1.111e-05  0.002079   1.23e-05   0.877826  0.00745183
1400  300   0.0376     0.000178   0.04261    0.000194   0.882422  0.00579586
1400  400   0.01787    8.218e-05  0.02027    8.966e-05  0.881598  0.00562527
1400  500   0.01294    6.016e-05  0.0147     7.251e-05  0.880272  0.00596677
1400  600   0.009919   6.589e-05  0.01126    6.928e-05  0.880906  0.00797613
1400  700   0.007291   4.642e-05  0.008283   4.822e-05  0.880237  0.00759385
1400  800   0.005044   3.074e-05  0.005732   3.156e-05  0.879972  0.00722739
1700  1000  0.001788   1.072e-05  0.002132   1.148e-05  0.838649  0.00675831
1700  300   0.01561    7.666e-05  0.01851    8.648e-05  0.843328  0.00571635
1700  400   0.007752   3.698e-05  0.009209   4.184e-05  0.841785  0.0055455
1700  500   0.005944   2.773e-05  0.007067   3.141e-05  0.841092  0.00541958
1700  600   0.004895   2.642e-05  0.005825   3.132e-05  0.840343  0.00640216
1700  700   0.004036   3.014e-05  0.004806   3.283e-05  0.839784  0.0084993
1700  800   0.003216   2.302e-05  0.003826   2.472e-05  0.840565  0.00810531
2000  1000  0.00119    5.432e-06  0.001491   6.421e-06  0.798122  0.00500866
2000  300   0.006898   3.577e-05  0.008594   4.166e-05  0.802653  0.00569765
2000  400   0.003503   1.792e-05  0.004395   2.067e-05  0.797042  0.00553863
2000  500   0.002803   1.352e-05  0.003498   1.595e-05  0.801315  0.00531874
2000  600   0.002402   1.112e-05  0.003      1.311e-05  0.800667  0.00509723
2000  700   0.002076   1.679e-05  0.002594   1.968e-05  0.800308  0.00887473
2000  800   0.00176    8.063e-06  0.002204   1.024e-05  0.798548  0.00521043
2500  1000  0.0004686  2.201e-06  0.0006468  2.82e-06   0.72449   0.00464298
2500  300   0.001956   1.203e-05  0.002674   1.465e-05  0.731488  0.00602501
2500  400   0.001022   5.822e-06  0.001399   7.187e-06  0.730522  0.00560379
2500  500   0.000836   4.503e-06  0.001147   5.622e-06  0.728858  0.00530804
2500  600   0.000744   3.835e-06  0.001021   4.843e-06  0.728697  0.00510449
2500  700   0.0006622  3.305e-06  0.0009123  4.174e-06  0.725858  0.00491457
2500  800   0.0005991  2.903e-06  0.0008252  3.664e-06  0.726006  0.0047715
2750  1000  0.0002799  1.386e-06  0.0004095  2.27e-06   0.683516  0.00508054
2750  300   0.001072   9.366e-06  0.001547   1.217e-05  0.692954  0.00814689
2750  500   0.0004646  2.723e-06  0.000674   3.489e-06  0.689318  0.00539025
2750  800   0.0003457  1.746e-06  0.0005032  2.288e-06  0.687003  0.00466875
3000  1000  0.0001678  8.655e-07  0.0002596  1.178e-06  0.646379  0.00444055
3000  300   0.0005978  6.512e-06  0.0009145  8.686e-06  0.653691  0.00944752
3000  500   0.0002617  1.713e-06  0.0004016  2.291e-06  0.651643  0.00565802
3000  800   0.0001982  1.094e-06  0.0003078  1.483e-06  0.643925  0.00471784
3500  1000  5.708e-05  3.444e-07  0.0001032  5.014e-07  0.553101  0.00428466
3500  300   0.0001937  1.031e-06  0.0003364  1.59e-06   0.575803  0.00409876
3500  500   8.439e-05  7.957e-07  0.0001491  1.01e-06   0.565996  0.00657116
3500  800   6.67e-05   4.54e-07   0.000119   6.4e-07    0.560504  0.00486233
4000  1000  1.834e-05  1.593e-07  4.117e-05  2.324e-07  0.44547   0.00461465
4000  300   6.288e-05  4.584e-07  0.0001299  6.517e-07  0.484065  0.00428376
4000  500   2.702e-05  4.214e-07  5.734e-05  5.23e-07   0.471224  0.00851371
4000  800   2.16e-05   2.237e-07  4.671e-05  3.082e-07  0.462428  0.0056785
