10 1 167169.5 167384.44 1.00129
10 10 2589.16 2591.919 1.00107
10 20 639.27 640.238 1.00151
10 50 70.437 70.5224 1.00121
10 100 10.08686 10.078926 0.999213
10 150 2.899637 2.8833772 0.994392
10 500 0.03576956 0.0357260219 0.998783
10 1000 0.0011238789 0.001127793659 1.00348
20 1 106574.2 106649.34 1.00071
15 10 3843.02 3844.913 1.00049
20 20 778.67 779.1199 1.00058
20 50 72.6381 72.81573 1.00245
20 100 10.1327 10.152615 1.00197
20 150 2.909948 2.8965708 0.995403
20 500 0.03576842 0.0357487927 0.999451
20 1000 0.001124168 0.001127913907 1.00333
50 1 30748.2 30679.63 0.99777
50 10 30413.1 30473.24 1.00198
50 20 26739.6 26688.47 0.998088
50 50 92.3758 92.35371 0.999761
50 100 10.74121 10.755807 1.00136
50 150 2.984588 2.9749668 0.996776
50 500 0.0358537 0.0358309396 0.999365
50 1000 0.0011255098 0.001127833712 1.00206
100 1 7066.39 7076.061 1.00137
100 10 7092.51 7100.798 1.00117
100 20 7027.4 7038.768 1.00162
95 50 514.573 514.2863 0.999443
100 100 13.51272 13.535379 1.00168
100 150 3.282744 3.2751348 0.997682
100 500 0.03619852 0.0362126923 1.00039
100 1000 0.0011283504 0.001131926194 1.00317
200 1 1193.238 1197.3733 1.00347
200 10 1188.426 1192.3481 1.0033
200 20 1191.908 1192.8037 1.00075
200 50 1169.281 1171.7014 1.00207
195 100 130.195 129.9412 0.998051
200 150 5.35713 5.33732 0.996302
200 500 0.03757152 0.0376335732 1.00165
200 1000 0.001140859 0.001142085597 1.00108
300 1 374.891 375.01294 1.00033
300 10 375.934 375.10236 0.997788
300 20 375.193 375.64906 1.00122
300 50 371.998 371.67535 0.999133
300 100 349.791 349.41978 0.998939
295 150 50.70195 50.573651 0.99747
300 500 0.04011415 0.0401792829 1.00162
300 1000 0.0011597707 0.00116366896 1.00336
400 1 146.8536 146.71472 0.999054
400 10 146.7732 146.98441 1.00144
400 20 146.4202 146.80513 1.00263
400 50 145.799 145.84862 1.00034
400 100 143.0928 142.65606 0.996948
400 150 128.5412 128.51004 0.999758
400 500 0.04429488 0.0442761991 0.999578
400 1000 0.0011898505 0.001194484122 1.00389
500 1 71.055 71.341499 1.00403
500 10 71.1813 71.281374 1.00141
500 20 71.0346 71.130259 1.00135
500 50 70.8382 70.806597 0.999554
500 100 69.8172 69.904209 1.00125
500 150 67.003 67.207503 1.00305
500 500 0.05070751 0.0507783726 1.0014
500 1000 0.0012302303 0.001230709996 1.00039
600 1 38.83455 38.965794 1.00338
600 10 38.74824 38.980997 1.00601
600 20 38.8701 38.861454 0.999778
600 50 38.67615 38.60085 0.998053
600 100 38.30529 38.198514 0.997212
600 150 37.41115 37.503251 1.00246
600 500 0.06100137 0.0609547953 0.999236
600 1000 0.001280367 0.00128383466 1.00271
700 1 23.00806 23.065397 1.00249
700 10 22.89615 22.980686 1.00369
700 20 22.94559 22.992455 1.00204
700 50 22.84913 22.882235 1.00145
700 100 22.65956 22.68565 1.00115
700 150 22.27666 22.30159 1.00112
700 500 0.07878272 0.0788539088 1.0009
700 1000 0.0013444486 0.001348009304 1.00265
800 1 14.34777 14.3885263 1.00284
800 10 14.34265 14.3638075 1.00148
800 20 14.34238 14.3457341 1.00023
800 50 14.21797 14.2756472 1.00406
800 100 14.16494 14.1917982 1.0019
800 150 14.01299 13.979327 0.997598
800 500 0.11440158 0.114404904 1.00003
800 1000 0.0014258949 0.001427581405 1.00118
900 1 9.335261 9.3548416 1.0021
900 10 9.334034 9.3613838 1.00293
900 20 9.313891 9.3423096 1.00305
900 50 9.317699 9.2735884 0.995266
900 100 9.229516 9.2358309 1.00068
900 150 9.113302 9.1525678 1.00431
900 500 0.21536776 0.2154380113 1.00033
900 1000 0.0015264026 0.001531863093 1.00358
1000 1 6.292613 6.2974316 1.00077
1000 10 6.288599 6.3106144 1.0035
1000 20 6.294795 6.3016112 1.00108
1000 50 6.264297 6.2458903 0.997062
1000 100 6.214555 6.2224276 1.00127
1000 150 6.164552 6.1700223 1.00089
995 500 1.2362889 1.244647293 1.00676
1000 1000 0.0016527178 0.001658493693 1.00349
1100 1 4.345328 4.3479416 1.0006
1100 10 4.351963 4.3601133 1.00187
1100 20 4.347527 4.3499376 1.00055
1100 50 4.336423 4.33059804 0.998657
1100 100 4.296757 4.31360183 1.00392
1100 150 4.279351 4.26327101 0.996242
1100 500 2.766883 2.76890836 1.00073
1100 1000 0.0018201963 0.001824405736 1.00231
1200 1 3.06849 3.08217894 1.00446
1200 10 3.073459 3.07851349 1.00164
1200 20 3.069101 3.07114497 1.00067
1200 50 3.057429 3.06035898 1.00096
1200 100 3.043624 3.04837269 1.00156
1200 150 3.018308 3.02187695 1.00118
1200 500 2.328409 2.32518545 0.998616
1200 1000 0.0020385986 0.002039983208 1.00068
1300 1 2.210684 2.22323879 1.00568
1300 10 2.211582 2.21860117 1.00317
1300 20 2.211331 2.21375369 1.0011
1300 50 2.201291 2.20732928 1.00274
1300 100 2.191969 2.19431439 1.00107
1300 150 2.1745049 2.17823287 1.00171
1300 500 1.8084906 1.81523891 1.00373
1300 1000 0.0023189512 0.002326667196 1.00333
1400 1 1.6201653 1.6276301 1.00461
1400 10 1.6199025 1.62388928 1.00246
1400 20 1.6188381 1.6188956 1.00004
1400 50 1.6168471 1.61275273 0.997468
1400 100 1.6086222 1.6087482 1.00008
1400 150 1.5917995 1.59774964 1.00374
1400 500 1.377168 1.38132909 1.00302
1400 1000 0.0027060519 0.002717411048 1.0042
1500 1 1.2054505 1.20629936 1.0007
1500 10 1.2038144 1.20344819 0.999696
1500 20 1.2037435 1.2004514 0.997265
1500 50 1.1996746 1.1978547 0.998483
1500 100 1.1933661 1.19218539 0.999011
1500 150 1.1855564 1.18287606 0.997739
1500 500 1.0501345 1.0506987 1.00054
1500 1000 0.0032709848 0.003273726921 1.00084
2000 1 0.3156556 0.315499596 0.999506
2000 10 0.3153198 0.314910815 0.998703
2000 20 0.3152889 0.314867843 0.998665
2000 50 0.31478444 0.314447131 0.998928
2000 100 0.31175066 0.311114911 0.997961
2000 150 0.30957736 0.309308257 0.999131
2000 500 0.2867759 0.285524614 0.995637
1995 1000 0.059937975 0.06000608269 1.00114
10000 1 5.167596e-05 5.1589933e-05 0.998335
10000 10 5.13562e-05 5.1462236e-05 1.00206
10000 20 5.087242e-05 5.0792371e-05 0.998426
10000 50 4.915567e-05 4.9379921e-05 1.00456
10000 100 4.628777e-05 4.6168294e-05 0.997419
10000 150 4.241605e-05 4.2471661e-05 1.00131
10000 500 2.0691201e-05 2.075412713e-05 1.00304
10000 1000 6.7385682e-06 6.770054593e-06 1.00467
