600 100 0.5 0.95243
600 150 0.5 0.65588
600 200 0.5 0.44058
600 250 0.5 0.266
600 300 0.5 0.16228
600 350 0.5 0.1038
600 400 0.5 0.045302
600 500 0.5 0.0093483
600 100 0.8 0.52647
600 150 0.8 0.39408
600 200 0.8 0.29075
600 250 0.8 0.19882
600 300 0.8 0.13309
600 350 0.8 0.087165
600 400 0.8 0.042689
600 500 0.8 0.0067957
600 100 1.0 0.39964
600 150 1.0 0.31207
600 200 1.0 0.23749
600 250 1.0 0.17044
600 300 1.0 0.11826
600 350 1.0 0.079177
600 400 1.0 0.040846
600 500 1.0 0.005692
600 100 1.5 0.24063
600 150 1.5 0.19724
600 200 1.5 0.15953
600 250 1.5 0.12186
600 300 1.5 0.08979
600 350 1.5 0.062385
600 400 1.5 0.034756
600 500 1.5 0.0040725
600 100 2.0 0.16045
600 150 2.0 0.13573
600 200 2.0 0.11332
600 250 2.0 0.089598
600 300 2.0 0.068542
600 350 2.0 0.048968
600 400 2.0 0.028723
600 500 2.0 0.0031487
600 100 4.0 0.050122
600 150 4.0 0.044146
600 200 4.0 0.038122
600 250 4.0 0.031982
600 300 4.0 0.025839
600 350 4.0 0.019612
600 400 4.0 0.012479
600 500 4.0 0.0013332
600 100 6.0 0.022629
600 150 6.0 0.020053
600 200 6.0 0.017473
600 250 6.0 0.014745
600 300 6.0 0.012001
600 350 6.0 0
600 400 6.0 0.0059294
600 500 6.0 0.00063988
600 100 8.0 0.01224
600 150 8.0 0.010864
600 200 8.0 0.0094858
600 250 8.0 0.0079551
600 300 8.0 0.0064333
600 350 8.0 0.0048961
600 400 8.0 0.0031274
600 500 8.0 0.00033785
600 100 10.0 0.0071131
600 150 10.0 0.0064915
600 200 10.0 0.0056919
600 250 10.0 0.0047316
600 300 10.0 0.0037755
600 350 10.0 0.0028382
600 400 10.0 0.0017854
600 500 10.0 0.00019299
600 100 20.0 0.0009257
600 150 20.0 0
600 200 20.0 0.00089964
600 250 20.0 0.00069755
600 300 20.0 0.00052234
600 350 20.0 0.00037244
600 400 20.0 0
600 500 20.0 0
600 100 30.0 0.00023205
600 150 30.0 0.00024405
600 200 30.0 0.00024657
600 250 30.0 0.00018741
600 300 30.0 0.00013318
600 350 30.0 9.3691e-05
600 400 30.0 5.2613e-05
600 500 30.0 7.9998e-06
600 100 40.0 8.381e-05
600 150 40.0 9.3011e-05
600 200 40.0 9.7138e-05
600 250 40.0 7.1577e-05
600 300 40.0 4.972e-05
600 350 40.0 3.4948e-05
600 400 40.0 1.949e-05
600 500 40.0 3.8338e-06
600 100 50.0 3.8508e-05
600 150 50.0 4.6716e-05
600 200 50.0 4.9587e-05
600 250 50.0 3.6319e-05
600 300 50.0 2.4564e-05
600 350 50.0 1.7499e-05
600 400 50.0 0
600 500 50.0 2.4524e-06
