600 100 0.5 4780.8
600 150 0.5 8418.32
600 200 0.5 10318.3
600 250 0.5 9956.21
600 300 0.5 9966.22
600 350 0.5 12246.5
600 400 0.5 11200.3
600 500 0.5 7978.41
600 100 0.8 1003.64
600 150 0.8 1875.59
600 200 0.8 2441.43
600 250 0.8 2619.6
600 300 0.8 2813.39
600 350 0.8 3182.25
600 400 0.8 2824.47
600 500 0.8 1427.4
600 100 1.0 481.842
600 150 1.0 926.216
600 200 1.0 1224.11
600 250 1.0 1358.41
600 300 1.0 1488.67
600 350 1.0 1652.93
600 400 1.0 1478.64
600 500 1.0 633.895
600 100 1.5 125.997
600 150 1.5 246.279
600 200 1.5 334.508
600 250 1.5 384.465
600 300 1.5 429.988
600 350 1.5 468.321
600 400 1.5 427.162
600 500 1.5 146.656
600 100 2.0 46.5464
600 150 2.0 91.7901
600 200 2.0 125.854
600 250 2.0 146.354
600 300 2.0 164.887
600 350 2.0 177.768
600 400 2.0 163.153
600 500 2.0 50.6027
600 100 4.0 3.554
600 150 4.0 7.02391
600 200 4.0 9.6309
600 250 4.0 11.4177
600 300 4.0 12.9092
600 350 4.0 13.8054
600 400 4.0 12.6899
600 500 4.0 3.50741
600 100 6.0 0.714119
600 150 6.0 1.41298
600 200 6.0 1.94469
600 250 6.0 2.30297
600 300 6.0 2.60263
600 350 6.0 0
600 400 6.0 2.56506
600 500 6.0 0.706191
600 100 8.0 0.219053
600 150 8.0 0.436603
600 200 8.0 0.602809
600 250 8.0 0.714744
600 300 8.0 0.805572
600 350 8.0 0.864394
600 400 8.0 0.796181
600 500 8.0 0.221803
600 100 10.0 0.0828415
600 150 10.0 0.170551
600 200 10.0 0.238175
600 250 10.0 0.281107
600 300 10.0 0.316737
600 350 10.0 0.340328
600 400 10.0 0.313487
600 500 10.0 0.08931
600 100 20.0 0.00297003
600 150 20.0 0
600 200 20.0 0.011154
600 250 20.0 0.0129709
600 300 20.0 0.0144452
600 350 20.0 0.0158877
600 400 20.0 0
600 500 20.0 0
600 100 30.0 0.000369277
600 150 30.0 0.000947693
600 200 30.0 0.00160957
600 250 30.0 0.00187483
600 300 30.0 0.00206888
600 350 30.0 0.00232144
600 400 30.0 0.00211085
600 500 30.0 0.000937733
600 100 40.0 8.48606e-05
600 150 40.0 0.000232859
600 200 40.0 0.000415421
600 250 40.0 0.000478168
600 300 40.0 0.000531083
600 350 40.0 0.000597851
600 400 40.0 0.000552062
600 500 40.0 0.000325201
600 100 50.0 2.87953e-05
600 150 50.0 8.61553e-05
600 200 50.0 0.000158836
600 250 50.0 0.00018293
600 300 50.0 0.000199821
600 350 50.0 0.000232116
600 400 50.0 0
600 500 50.0 0.000164282
