600 100 0.5 0.00019922
600 150 0.5 7.7911e-05
600 200 0.5 4.2699e-05
600 250 0.5 2.6717e-05
600 300 0.5 1.6283e-05
600 350 0.5 8.4759e-06
600 400 0.5 4.0447e-06
600 500 0.5 1.1717e-06
600 100 0.8 0.00052456
600 150 0.8 0.00021011
600 200 0.8 0.00011909
600 250 0.8 7.5897e-05
600 300 0.8 4.7306e-05
600 350 0.8 2.7391e-05
600 400 0.8 1.5114e-05
600 500 0.8 4.7609e-06
600 100 1.0 0.0008294
600 150 1.0 0.00033693
600 200 1.0 0.00019401
600 250 1.0 0.00012547
600 300 1.0 7.944e-05
600 350 1.0 4.7901e-05
600 400 1.0 2.7624e-05
600 500 1.0 8.9794e-06
600 100 1.5 0.0019098
600 150 1.5 0.00080088
600 200 1.5 0.00047691
600 250 1.5 0.00031696
600 300 1.5 0.00020882
600 350 1.5 0.00013321
600 400 1.5 8.1365e-05
600 500 1.5 2.7769e-05
600 100 2.0 0.0034471
600 150 2.0 0.0014787
600 200 2.0 0.00090041
600 250 2.0 0.0006122
600 300 2.0 0.00041569
600 350 2.0 0.00027546
600 400 2.0 0.00017605
600 500 2.0 6.2224e-05
600 100 4.0 0.014103
600 150 4.0 0.0062851
600 200 4.0 0.0039583
600 250 4.0 0.0028011
600 300 4.0 0.0020016
600 350 4.0 0.0014206
600 400 4.0 0.00098338
600 500 4.0 0.00038011
600 100 6.0 0.031688
600 150 6.0 0.014192
600 200 6.0 0.008985
600 250 6.0 0.0064026
600 300 6.0 0.0046111
600 350 6.0 0.0033039
600 400 6.0 0.0023116
600 500 6.0 0.0009061
600 100 8.0 0.055877
600 150 8.0 0.024883
600 200 8.0 0.015736
600 250 8.0 0.01113
600 300 8.0 0.007986
600 350 8.0 0.0056642
600 400 8.0 0.003928
600 500 8.0 0.0015232
600 100 10.0 0.085864
600 150 10.0 0.038062
600 200 10.0 0.023898
600 250 10.0 0.016832
600 300 10.0 0.01192
600 350 10.0 0.0083396
600 400 10.0 0.0056953
600 500 10.0 0.0021609
600 100 20.0 0.31168
600 150 20.0 0.13253
600 200 20.0 0.080656
600 250 20.0 0.053778
600 300 20.0 0.03616
600 350 20.0 0.023442
600 400 20.0 0.014925
600 500 20.0 0.005238
600 100 30.0 0.62839
600 150 30.0 0.25752
600 200 30.0 0.15319
600 250 30.0 0.099961
600 300 30.0 0.064373
600 350 30.0 0.040359
600 400 30.0 0.024925
600 500 30.0 0.008531
600 100 40.0 0.98762
600 150 40.0 0.39943
600 200 40.0 0.23383
600 250 40.0 0.14969
600 300 40.0 0.09362
600 350 40.0 0.058456
600 400 40.0 0.035304
600 500 40.0 0.011789
600 100 50.0 1.3373
600 150 50.0 0.54223
600 200 50.0 0.31219
600 250 50.0 0.19854
600 300 50.0 0.12293
600 350 50.0 0.075389
600 400 50.0 0.044862
600 500 50.0 0.014928
