600 300 100 0.22007
600 400 100 0.051416
600 500 100 0.0030056
600 600 100 0.00076799
800 300 100 0.13819
800 400 100 0.074726
800 500 100 0.033716
800 600 100 0.00903862
800 700 100 0.00109672
1000 300 100 0.072486
1000 400 100 0.048392
1000 500 100 0.03174
1000 600 100 0.018247
1000 700 100 0.0082947
1200 300 100 0.038482
1200 400 100 0.028192
1200 500 100 0.021233
1200 600 100 0.015203
1200 700 100 0.0099063
1400 300 100 0.021154
1400 400 100 0.016285
1400 500 100 0.013197
1400 600 100 0.010463
1400 700 100 0.0078875
1700 300 100 0.0092223
1700 400 100 0.007395
1700 500 100 0.0063458
1700 600 100 0.0054361
1700 700 100 0.0045444
2000 300 100 0.0042843
2000 400 100 0.0035251
2000 500 100 0.0031145
2000 600 100 0.0027802
2000 700 100 0.0024503
2500 300 100 0.0013358
2500 400 100 0.0011194
2500 500 100 0.001018
2500 600 100 0.00093993
2500 700 100 0.00086604
