600 300 100 0.28216
600 400 100 0.0623
600 500 100 0.0037127
600 600 100 0.00094743
800 300 100 0.17669
800 400 100 0.090374
800 500 100 0.040117
800 600 100 0.01075754
1000 300 100 0.092536
1000 400 100 0.058422
1000 500 100 0.037674
1000 600 100 0.021571
1200 300 100 0.049065
1200 400 100 0.033997
1200 500 100 0.025235
1200 600 100 0.017967
1400 300 100 0.026972
1400 400 100 0.019642
1400 500 100 0.015664
1400 600 100 0.012335
1700 300 100 0.011751
1700 400 100 0.0089108
1700 500 100 0.0075311
1700 600 100 0.0064194
2000 300 100 0.0054567
2000 400 100 0.004247
2000 600 100 0.0032811
2500 300 100 0.001701
2500 400 100 0.0013481
2500 500 100 0.0012074
2500 600 100 0.0011097
