600 300 100 0.31985
600 400 100 0.067726
600 500 100 0.0041006
600 600 100 0.00104272
800 300 100 0.19987
800 400 100 0.098015
800 500 100 0.043079
800 600 100 0.01156148
1000 300 100 0.10458
1000 400 100 0.063386
1000 500 100 0.040414
1000 600 100 0.023056
1200 300 100 0.055421
1200 400 100 0.036845
1200 500 100 0.02704
1200 600 100 0.019189
1400 300 100 0.030453
1400 400 100 0.02129
1400 500 100 0.016804
1400 600 100 0.013193
1700 300 100 0.013261
1700 400 100 0.009652
1700 500 100 0.008076
1700 600 100 0.0068552
2000 300 100 0.0061569
2000 400 100 0.0046014
2000 500 100 0.0039634
2000 600 100 0.0035051
2500 300 100 0.0019188
2500 400 100 0.0014605
2500 500 100 0.0012944
2500 600 100 0.0011861
