600 300 100 0.17377
600 400 100 0.042076
600 500 100 0.0024321
600 600 100 0.00062459
800 300 100 0.10931
800 400 100 0.061284
800 500 100 0.027922
800 600 100 0.00746321
800 700 100 0.00088841
1000 300 100 0.057411
1000 400 100 0.039701
1000 500 100 0.026264
1000 600 100 0.015172
1000 700 100 0.0068862
1200 300 100 0.030529
1200 400 100 0.023122
1200 500 100 0.017606
1200 600 100 0.012649
1200 700 100 0.0082561
1400 300 100 0.016769
1400 400 100 0.013375
1400 500 100 0.010942
1400 600 100 0.0086997
1400 700 100 0.0065728
1700 300 100 0.0073131
1700 400 100 0.00607
1700 500 100 0.0052681
1700 600 100 0.0045266
1700 700 100 0.00379
2000 300 100 0.0033975
2000 400 100 0.0028908
2000 500 100 0.0025848
2000 600 100 0.0023164
2000 700 100 0.0020436
2500 300 100 0.0010596
2500 400 100 0.00091938
2500 500 100 0.00084497
2500 600 100 0.0007834
2500 700 100 0.00072221
