600 700 100 0.000155435
800 400 100 0.011323
1000 400 100 0.007678
1000 500 100 0.00363813
1200 400 100 0.0046131
1200 500 100 0.0025665
1200 600 100 0.00159529
1400 400 100 0.0027375
1400 500 100 0.0016589
1400 600 100 0.0011499
1700 400 100 0.0012834
1700 500 100 0.00083664
1700 600 100 0.00063146
1700 700 100 0.00048478
2000 400 100 0.00062684
2000 500 100 0.00042623
2000 600 100 0.00033719
2000 700 100 0.00027376
2500 400 100 0.00020524
2500 500 100 0.00014623
2500 600 100 0.00012068
2500 700 100 0.00010294
