600 300 100 0.24891
600 400 100 0.056749
600 500 100 0.0033443
600 600 100 0.0008538
800 300 100 0.15614
800 400 100 0.082405
800 500 100 0.036904
800 600 100 0.00988858
1000 300 100 0.08183
1000 400 100 0.053317
1000 500 100 0.034693
1000 600 100 0.019911
1200 300 100 0.043412
1200 400 100 0.031041
1200 500 100 0.023226
1200 600 100 0.016591
1400 300 100 0.023868
1400 400 100 0.017938
1400 500 100 0.014426
1400 600 100 0.011398
1700 300 100 0.010403
1700 400 100 0.0081373
1700 500 100 0.006937
1700 600 100 0.0059274
2000 300 100 0.004832
2000 400 100 0.0038808
2000 500 100 0.0034078
2000 600 100 0.0030314
2500 300 100 0.0015064
2500 400 100 0.0012321
2500 500 100 0.0011128
2500 600 100 0.0010249
