mh3 mh4 mh2 mhc sinp tanb lap1 lap2 lam3 sinbma gpxd mxd CMS ATLAS CMS/ATLAS
===================================================================================
600 400 600 600 0.35 1.0 3.0 3.0 3.0 1.0 1.0 1.0 0.04323602555	0.0430819	1.00358
100 100 100 100 0.35 1.0 3.0 3.0 3.0 1.0 1.0 1.0 0.592399253626	0.594263	0.996864
1000 150 1000 1000 0.35 1.0 3.0 3.0 3.0 1.0 1.0 1.0 0.046433107846	0.0461587	1.00594
1500 300 1500 1500 0.35 1.0 3.0 3.0 3.0 1.0 1.0 1.0 0.00927342846825	0.00908966	1.02022
200 100 200 200 0.35 1.0 3.0 3.0 3.0 1.0 1.0 1.0 0.3990608158	0.386468	1.03258
1200 400 1200 1200 0.35 1.0 3.0 3.0 3.0 1.0 1.0 1.0 0.008303928218	0.00825817	1.00554
1000 200 1000 1000 0.35 1.0 3.0 3.0 3.0 1.0 1.0 1.0 0.036769005123	0.0365802	1.00516
600 450 600 600 0.35 1.0 3.0 3.0 3.0 1.0 1.0 1.0 0.01709327587	0.0166958	1.02381
1500 350 1500 1500 0.35 1.0 3.0 3.0 3.0 1.0 1.0 1.0 0.0070364081356	0.00698291	1.00766
200 150 200 200 0.35 1.0 3.0 3.0 3.0 1.0 1.0 1.0 0.362074272872	0.349186	1.03691
600 500 600 600 0.35 1.0 3.0 3.0 3.0 1.0 1.0 1.0 0.0060536000359	0.00600347	1.00835
1500 150 1500 1500 0.35 1.0 3.0 3.0 3.0 1.0 1.0 1.0 0.0443731836903	0.0434452	1.02136
900 500 900 900 0.35 1.0 3.0 3.0 3.0 1.0 1.0 1.0 0.01583805568	0.0156997	1.00881
1000 100 1000 1000 0.35 1.0 3.0 3.0 3.0 1.0 1.0 1.0 0.059916247635	0.059662	1.00426
1200 450 1200 1200 0.35 1.0 3.0 3.0 3.0 1.0 1.0 1.0 0.0072032653	0.00709473	1.0153
200 200 200 200 0.35 1.0 3.0 3.0 3.0 1.0 1.0 1.0 0.193951379317	0.192223	1.00899
1000 250 1000 1000 0.35 1.0 3.0 3.0 3.0 1.0 1.0 1.0 0.030198565083	0.0301693	1.00097
1200 300 1200 1200 0.35 1.0 3.0 3.0 3.0 1.0 1.0 1.0 0.0100723538587	0.0100863	0.998617
1500 250 1500 1500 0.35 1.0 3.0 3.0 3.0 1.0 1.0 1.0 0.0163804577536	0.0157346	1.04105
1200 350 1200 1200 0.35 1.0 3.0 3.0 3.0 1.0 1.0 1.0 0.00982669906293	0.00981946	1.00074
1500 400 1500 1500 0.35 1.0 3.0 3.0 3.0 1.0 1.0 1.0 0.0039823602435	0.00400326	0.994779
700 100 700 700 0.35 1.0 3.0 3.0 3.0 1.0 1.0 1.0 0.26122746374	0.260463	1.00294
300 100 300 300 0.35 1.0 3.0 3.0 3.0 1.0 1.0 1.0 3.2389853597	3.21445	1.00763
700 150 700 700 0.35 1.0 3.0 3.0 3.0 1.0 1.0 1.0 0.203940198415	0.203257	1.00336
300 150 300 300 0.35 1.0 3.0 3.0 3.0 1.0 1.0 1.0 1.78562748998	1.75639	1.01665
1000 300 1000 1000 0.35 1.0 3.0 3.0 3.0 1.0 1.0 1.0 0.026436632267	0.0261294	1.01176
1500 450 1500 1500 0.35 1.0 3.0 3.0 3.0 1.0 1.0 1.0 0.0028131549341	0.00278694	1.00941
300 200 300 300 0.35 1.0 3.0 3.0 3.0 1.0 1.0 1.0 0.20372532964	0.20173	1.00989
700 200 700 700 0.35 1.0 3.0 3.0 3.0 1.0 1.0 1.0 0.15884769445	0.157411	1.00913
300 250 300 300 0.35 1.0 3.0 3.0 3.0 1.0 1.0 1.0 0.14498565467	0.143992	1.0069
1000 350 1000 1000 0.35 1.0 3.0 3.0 3.0 1.0 1.0 1.0 0.024606197474	0.0243235	1.01162
300 300 300 300 0.35 1.0 3.0 3.0 3.0 1.0 1.0 1.0 0.0735013008207	0.0732428	1.00353
700 250 700 700 0.35 1.0 3.0 3.0 3.0 1.0 1.0 1.0 0.11907169447	0.118015	1.00895
1000 400 1000 1000 0.35 1.0 3.0 3.0 3.0 1.0 1.0 1.0 0.01948247672	0.0193086	1.00901
400 100 400 400 0.35 1.0 3.0 3.0 3.0 1.0 1.0 1.0 1.48379074526	1.47743	1.00431
700 300 700 700 0.35 1.0 3.0 3.0 3.0 1.0 1.0 1.0 0.09137865676	0.0903765	1.01109
400 150 400 400 0.35 1.0 3.0 3.0 3.0 1.0 1.0 1.0 1.08032438496	1.07472	1.00521
700 350 700 700 0.35 1.0 3.0 3.0 3.0 1.0 1.0 1.0 0.071479253294	0.0706123	1.01228
400 200 400 400 0.35 1.0 3.0 3.0 3.0 1.0 1.0 1.0 0.65749547338	0.657658	0.999753
1000 450 1000 1000 0.35 1.0 3.0 3.0 3.0 1.0 1.0 1.0 0.01549307198	0.0153244	1.01101
400 250 400 400 0.35 1.0 3.0 3.0 3.0 1.0 1.0 1.0 0.252081220523	0.247488	1.01856
700 400 700 700 0.35 1.0 3.0 3.0 3.0 1.0 1.0 1.0 0.04646537147	0.0462282	1.00513
400 300 400 400 0.35 1.0 3.0 3.0 3.0 1.0 1.0 1.0 0.04361168866	0.0437619	0.996568
1000 500 1000 1000 0.35 1.0 3.0 3.0 3.0 1.0 1.0 1.0 0.01227402281	0.0121607	1.00932
400 350 400 400 0.35 1.0 3.0 3.0 3.0 1.0 1.0 1.0 0.038231389484	0.0382453	0.999636
700 450 700 700 0.35 1.0 3.0 3.0 3.0 1.0 1.0 1.0 0.0279866215	0.0279974	0.999615
1100 100 1100 1100 0.35 1.0 3.0 3.0 3.0 1.0 1.0 1.0 0.029559762481	0.0291715	1.01331
700 500 700 700 0.35 1.0 3.0 3.0 3.0 1.0 1.0 1.0 0.01469879806	0.014595	1.00711
500 100 500 500 0.35 1.0 3.0 3.0 3.0 1.0 1.0 1.0 0.70844564747	0.706439	1.00284
500 150 500 500 0.35 1.0 3.0 3.0 3.0 1.0 1.0 1.0 0.553279146798	0.551282	1.00362
1100 150 1100 1100 0.35 1.0 3.0 3.0 3.0 1.0 1.0 1.0 0.024060896814	0.023981	1.00333
1300 400 1300 1300 0.35 1.0 3.0 3.0 3.0 1.0 1.0 1.0 0.0053699629894	0.00539087	0.996122
800 100 800 800 0.35 1.0 3.0 3.0 3.0 1.0 1.0 1.0 0.16839352671	0.167515	1.00524
500 200 500 500 0.35 1.0 3.0 3.0 3.0 1.0 1.0 1.0 0.40310245652	0.40097	1.00532
1300 450 1300 1300 0.35 1.0 3.0 3.0 3.0 1.0 1.0 1.0 0.0047081487671	0.00471925	0.997648
800 150 800 800 0.35 1.0 3.0 3.0 3.0 1.0 1.0 1.0 0.128144276826	0.128954	0.993721
800 200 800 800 0.35 1.0 3.0 3.0 3.0 1.0 1.0 1.0 0.10016559555	0.0996988	1.00468
1100 200 1100 1100 0.35 1.0 3.0 3.0 3.0 1.0 1.0 1.0 0.020071703818	0.0201023	0.998478
500 250 500 500 0.35 1.0 3.0 3.0 3.0 1.0 1.0 1.0 0.2570497272	0.25577	1.005
800 250 800 800 0.35 1.0 3.0 3.0 3.0 1.0 1.0 1.0 0.07738413234	0.0767647	1.00807
500 300 500 500 0.35 1.0 3.0 3.0 3.0 1.0 1.0 1.0 0.14068267644	0.140009	1.00481
1300 500 1300 1300 0.35 1.0 3.0 3.0 3.0 1.0 1.0 1.0 0.004191439377	0.0041518	1.00955
500 350 500 500 0.35 1.0 3.0 3.0 3.0 1.0 1.0 1.0 0.05886239565	0.057758	1.01912
800 300 800 800 0.35 1.0 3.0 3.0 3.0 1.0 1.0 1.0 0.06240693318	0.0616108	1.01292
1100 250 1100 1100 0.35 1.0 3.0 3.0 3.0 1.0 1.0 1.0 0.017946009624	0.017865	1.00453
500 400 500 500 0.35 1.0 3.0 3.0 3.0 1.0 1.0 1.0 0.01789432756	0.0179735	0.995595
1400 100 1400 1400 0.35 1.0 3.0 3.0 3.0 1.0 1.0 1.0 0.0279422207877	0.0271496	1.02919
800 350 800 800 0.35 1.0 3.0 3.0 3.0 1.0 1.0 1.0 0.053033893106	0.0521763	1.01644
1400 150 1400 1400 0.35 1.0 3.0 3.0 3.0 1.0 1.0 1.0 0.0205345023904	0.0201889	1.01712
1100 300 1100 1100 0.35 1.0 3.0 3.0 3.0 1.0 1.0 1.0 0.016511440539	0.0162229	1.01779
500 450 500 500 0.35 1.0 3.0 3.0 3.0 1.0 1.0 1.0 0.0104290526215	0.0103545	1.0072
500 500 500 500 0.35 1.0 3.0 3.0 3.0 1.0 1.0 1.0 4.65997808476e-06	4.67778e-06	0.996194
800 400 800 800 0.35 1.0 3.0 3.0 3.0 1.0 1.0 1.0 0.03782303219	0.0374921	1.00883
600 100 600 600 0.35 1.0 3.0 3.0 3.0 1.0 1.0 1.0 0.41618861965	0.411836	1.01057
1100 350 1100 1100 0.35 1.0 3.0 3.0 3.0 1.0 1.0 1.0 0.0156623060901	0.0156544	1.00051
1400 200 1400 1400 0.35 1.0 3.0 3.0 3.0 1.0 1.0 1.0 0.0162516559643	0.0161878	1.00394
600 150 600 600 0.35 1.0 3.0 3.0 3.0 1.0 1.0 1.0 0.326479950415	0.323441	1.0094
800 450 800 800 0.35 1.0 3.0 3.0 3.0 1.0 1.0 1.0 0.0267614952	0.0265567	1.00771
1100 400 1100 1100 0.35 1.0 3.0 3.0 3.0 1.0 1.0 1.0 0.01300093566	0.0128769	1.00963
800 500 800 800 0.35 1.0 3.0 3.0 3.0 1.0 1.0 1.0 0.01775958717	0.0177826	0.998706
600 200 600 600 0.35 1.0 3.0 3.0 3.0 1.0 1.0 1.0 0.2514045463	0.24963	1.00711
1400 250 1400 1400 0.35 1.0 3.0 3.0 3.0 1.0 1.0 1.0 0.0096405654346	0.00947432	1.01755
1100 450 1100 1100 0.35 1.0 3.0 3.0 3.0 1.0 1.0 1.0 0.010773791611	0.0106325	1.01329
1400 300 1400 1400 0.35 1.0 3.0 3.0 3.0 1.0 1.0 1.0 0.0065759953106	0.00658051	0.999314
600 250 600 600 0.35 1.0 3.0 3.0 3.0 1.0 1.0 1.0 0.18038486047	0.179007	1.0077
900 100 900 900 0.35 1.0 3.0 3.0 3.0 1.0 1.0 1.0 0.10500008232	0.104745	1.00244
900 150 900 900 0.35 1.0 3.0 3.0 3.0 1.0 1.0 1.0 0.079852373088	0.0798864	0.999574
600 300 600 600 0.35 1.0 3.0 3.0 3.0 1.0 1.0 1.0 0.12565778025	0.124517	1.00916
1100 500 1100 1100 0.35 1.0 3.0 3.0 3.0 1.0 1.0 1.0 0.008914396726	0.00883781	1.00867
600 350 600 600 0.35 1.0 3.0 3.0 3.0 1.0 1.0 1.0 0.083947649821	0.0834086	1.00646
900 200 900 900 0.35 1.0 3.0 3.0 3.0 1.0 1.0 1.0 0.06228180777	0.0621295	1.00245
1400 350 1400 1400 0.35 1.0 3.0 3.0 3.0 1.0 1.0 1.0 0.00544971427	0.00550565	0.98984
900 250 900 900 0.35 1.0 3.0 3.0 3.0 1.0 1.0 1.0 0.04910945488	0.0489923	1.00239
1200 100 1200 1200 0.35 1.0 3.0 3.0 3.0 1.0 1.0 1.0 0.0130355653725	0.0130325	1.00024
1400 400 1400 1400 0.35 1.0 3.0 3.0 3.0 1.0 1.0 1.0 0.0039431441109	0.00391985	1.00594
900 300 900 900 0.35 1.0 3.0 3.0 3.0 1.0 1.0 1.0 0.04059836922	0.0408635	0.993512
900 350 900 900 0.35 1.0 3.0 3.0 3.0 1.0 1.0 1.0 0.0369972981	0.0363582	1.01758
1200 150 1200 1200 0.35 1.0 3.0 3.0 3.0 1.0 1.0 1.0 0.0119320109805	0.0119024	1.00249
1400 450 1400 1400 0.35 1.0 3.0 3.0 3.0 1.0 1.0 1.0 0.0033009914993	0.00325077	1.01545
1400 500 1400 1400 0.35 1.0 3.0 3.0 3.0 1.0 1.0 1.0 0.0029029476332	0.00287481	1.00979
900 400 900 900 0.35 1.0 3.0 3.0 3.0 1.0 1.0 1.0 0.02808465396	0.0276819	1.01455
1200 200 1200 1200 0.35 1.0 3.0 3.0 3.0 1.0 1.0 1.0 0.0112533304763	0.0112172	1.00322
1500 100 1500 1500 0.35 1.0 3.0 3.0 3.0 1.0 1.0 1.0 0.0633936937599	0.0631373	1.00406
1200 250 1200 1200 0.35 1.0 3.0 3.0 3.0 1.0 1.0 1.0 0.0106214091259	0.0106695	0.995493
1500 200 1500 1500 0.35 1.0 3.0 3.0 3.0 1.0 1.0 1.0 0.0322890094976	0.0312534	1.03314
1200 500 1200 1200 0.35 1.0 3.0 3.0 3.0 1.0 1.0 1.0 0.006136146819	0.00612154	1.00239
1300 100 1300 1300 0.35 1.0 3.0 3.0 3.0 1.0 1.0 1.0 0.011610259471	0.0115351	1.00652
1500 500 1500 1500 0.35 1.0 3.0 3.0 3.0 1.0 1.0 1.0 0.0022023949586	0.00220999	0.996563
1300 150 1300 1300 0.35 1.0 3.0 3.0 3.0 1.0 1.0 1.0 0.0102838125491	0.0102581	1.00251
1600 100 1600 1600 0.35 1.0 3.0 3.0 3.0 1.0 1.0 1.0 0.125793442941	0.122678	1.0254
1600 150 1600 1600 0.35 1.0 3.0 3.0 3.0 1.0 1.0 1.0 0.0837265849952	0.0820021	1.02103
1300 200 1300 1300 0.35 1.0 3.0 3.0 3.0 1.0 1.0 1.0 0.0097281568883	0.00965193	1.0079
1600 200 1600 1600 0.35 1.0 3.0 3.0 3.0 1.0 1.0 1.0 0.0588439630639	0.0567499	1.0369
1600 250 1600 1600 0.35 1.0 3.0 3.0 3.0 1.0 1.0 1.0 0.0284679096643	0.0278339	1.02278
1300 250 1300 1300 0.35 1.0 3.0 3.0 3.0 1.0 1.0 1.0 0.0078105166955	0.00784219	0.995961
1600 300 1600 1600 0.35 1.0 3.0 3.0 3.0 1.0 1.0 1.0 0.0152761800908	0.0150571	1.01455
1300 300 1300 1300 0.35 1.0 3.0 3.0 3.0 1.0 1.0 1.0 0.0068410220878	0.0068687	0.99597
1600 350 1600 1600 0.35 1.0 3.0 3.0 3.0 1.0 1.0 1.0 0.0113038933523	0.0112774	1.00235
1600 400 1600 1600 0.35 1.0 3.0 3.0 3.0 1.0 1.0 1.0 0.0056206003075	0.00566297	0.992518
1600 450 1600 1600 0.35 1.0 3.0 3.0 3.0 1.0 1.0 1.0 0.00329084704915	0.0032828	1.00245
1600 500 1600 1600 0.35 1.0 3.0 3.0 3.0 1.0 1.0 1.0 0.00216719504334	0.00216888	0.999223
