300 300 0.971019 0.00620195
300 500 0.905776 0.00641908
300 600 0.878193 0.00470989
300 800 0.823903 0.0101411
400 1000 0.838802 0.00705034
400 300 1.00842 0.00915197
400 500 0.944662 0.012771
400 600 0.922545 0.0140522
400 800 0.876686 0.0125828
500 1000 0.90683 0.00635363
500 300 1.01002 0.0140991
500 500 0.971865 0.0058361
500 600 0.954992 0.00559783
500 800 0.926781 0.00617915
600 1000 0.925683 0.00582127
600 300 0.987358 0.00765475
600 400 0.984275 0.00651653
800 1000 0.91307 0.00679912
800 300 0.945775 0.00590284
800 400 0.944902 0.00945917
800 500 0.943662 0.00692017
800 600 0.941306 0.0069355
1000 1000 0.888205 0.00712041
1000 300 0.907119 0.00579054
1000 400 0.906001 0.00855497
1000 500 0.905596 0.00549942
1000 600 0.904348 0.00742806
1000 700 0.901567 0.00609854
1000 800 0.899437 0.00728497
1200 1000 0.862725 0.00744237
1200 300 0.871535 0.00565161
1200 400 0.870333 0.00552171
1200 500 0.87013 0.00898345
1200 600 0.869645 0.00762696
1200 700 0.869045 0.00741691
1200 800 0.86767 0.00765987
1400 1000 0.831169 0.00708012
1400 300 0.837597 0.00555824
1400 400 0.831278 0.00536282
1400 500 0.834014 0.00577412
1400 600 0.835879 0.00776587
1400 700 0.835084 0.00742175
1400 800 0.834438 0.00708963
1700 1000 0.781895 0.00652933
1700 300 0.787142 0.00541261
1700 400 0.785644 0.00524895
1700 500 0.786048 0.00513134
1700 600 0.784206 0.00609295
1700 700 0.783396 0.00811362
1700 800 0.78437 0.00775726
2000 1000 0.731724 0.00467502
2000 300 0.737026 0.00534456
2000 400 0.735836 0.00515636
2000 500 0.73442 0.00497293
2000 600 0.734667 0.00476913
2000 700 0.734002 0.00823016
2000 800 0.732305 0.00483263
2500 1000 0.640229 0.00422571
2500 300 0.646971 0.00554143
2500 400 0.646247 0.00512983
2500 500 0.6415 0.00480732
2500 600 0.643781 0.00465339
2500 700 0.639483 0.00447243
2500 800 0.640693 0.00433935
2750 1000 0.588278 0.00451378
2750 300 0.600517 0.00703106
2750 500 0.593027 0.0048182
2750 800 0.590421 0.0041766
3000 1000 0.539676 0.00419251
3000 300 0.554948 0.00612277
3000 500 0.545817 0.00503492
3000 800 0.537362 0.00415354
3500 1000 0.415019 0.00362513
3500 300 0.442331 0.00352948
3500 500 0.436687 0.00576973
3500 800 0.425882 0.0041702
4000 1000 0.273986 0.00389336
4000 300 0.328176 0.00377171
4000 500 0.311301 0.0075866
4000 800 0.29651 0.00494039
