LHAPDF: 263400

import model Higgs_ZB_UFO
generate p p > xd xd~ j / h w+ w- z a
set sp 0.3
set gDM 1
set gq 0.25
set gZ  MMED
set WZp AUTO

==================================
MMED MDM widthMED (GeV) relative

10 1 4.884266e-01 0.0488427
10 10 2.233297e-01 0.022333
10 20 2.233297e-01 0.022333
10 50 2.233297e-01 0.022333
10 100 2.233297e-01 0.022333
10 150 2.233297e-01 0.022333
10 500 2.233297e-01 0.022333
10 1000 2.233297e-01 0.022333
20 1 1.025872e+00 0.0512936
15 10 3.679458e-01 0.0245297
20 20 4.953756e-01 0.0247688
20 50 4.953756e-01 0.0247688
20 100 4.953756e-01 0.0247688
20 150 4.953756e-01 0.0247688
20 500 4.953756e-01 0.0247688
20 1000 4.953756e-01 0.0247688
50 1 2.569569e+00 0.0513914
50 10 2.556091e+00 0.0511218
50 20 2.293702e+00 0.045874
50 50 1.243279e+00 0.0248656
50 100 1.243279e+00 0.0248656
50 150 1.243279e+00 0.0248656
50 500 1.243279e+00 0.0248656
50 1000 1.243279e+00 0.0248656
100 1 5.139364e+00 0.0513936
100 10 5.137750e+00 0.0513775
100 20 5.112404e+00 0.051124
95 50 2.362439e+00 0.0248678
100 100 2.486781e+00 0.0248678
100 150 2.486781e+00 0.0248678
100 500 2.486781e+00 0.0248678
100 1000 2.486781e+00 0.0248678
200 1 1.027875e+01 0.0513938
200 10 1.027856e+01 0.0513928
200 20 1.027553e+01 0.0513776
200 50 1.014230e+01 0.0507115
195 100 4.849250e+00 0.0248679
200 150 4.973590e+00 0.0248679
200 500 4.973590e+00 0.0248679
200 1000 4.973590e+00 0.0248679
300 1 1.541813e+01 0.0513938
300 10 1.541808e+01 0.0513936
300 20 1.541719e+01 0.0513906
300 50 1.537984e+01 0.0512661
300 100 1.470982e+01 0.0490327
295 150 7.336048e+00 0.024868
300 500 7.460387e+00 0.024868
300 1000 7.460387e+00 0.024868
400 1 2.194813e+01 0.0548703
400 10 2.194811e+01 0.0548703
400 20 2.194773e+01 0.0548693
400 50 2.193225e+01 0.0548306
400 100 2.167522e+01 0.0541881
400 150 2.032971e+01 0.0508243
400 500 1.133780e+01 0.0283445
400 1000 1.133780e+01 0.0283445
500 1 2.792871e+01 0.0558574
500 10 2.792869e+01 0.0558574
500 20 2.792850e+01 0.055857
500 50 2.792064e+01 0.0558413
500 100 2.779391e+01 0.0555878
500 150 2.718598e+01 0.054372
500 500 1.466579e+01 0.0293316
500 1000 1.466579e+01 0.0293316
600 1 3.368310e+01 0.0561385
600 10 3.368309e+01 0.0561385
600 20 3.368298e+01 0.0561383
600 50 3.367845e+01 0.0561308
600 100 3.360651e+01 0.0560109
600 150 3.327373e+01 0.0554562
600 500 1.776761e+01 0.0296127
600 1000 1.776761e+01 0.0296127
700 1 3.937389e+01 0.0562484
700 10 3.937389e+01 0.0562484
700 20 3.937382e+01 0.0562483
700 50 3.937097e+01 0.0562442
700 100 3.932617e+01 0.0561802
700 150 3.912291e+01 0.0558899
700 500 2.080582e+01 0.0297226
700 1000 2.080582e+01 0.0297226
800 1 4.503937e+01 0.0562992
800 10 4.503937e+01 0.0562992
800 20 4.503932e+01 0.0562991
800 50 4.503742e+01 0.0562968
800 100 4.500762e+01 0.0562595
800 150 4.487398e+01 0.0560925
800 500 2.381871e+01 0.0297734
800 1000 2.381871e+01 0.0297734
900 1 5.069291e+01 0.0563255
900 10 5.069291e+01 0.0563255
900 20 5.069287e+01 0.0563254
900 50 5.069154e+01 0.0563239
900 100 5.067071e+01 0.0563008
900 150 5.057801e+01 0.0561978
900 500 2.681967e+01 0.0297996
900 1000 2.681967e+01 0.0297996
1000 1 5.634015e+01 0.0563401
1000 10 5.634015e+01 0.0563401
1000 20 5.634013e+01 0.0563401
1000 50 5.633916e+01 0.0563392
1000 100 5.632402e+01 0.056324
1000 150 5.625703e+01 0.056257
995 500 2.966470e+01 0.0298138
1000 1000 2.981433e+01 0.0298143
1100 1 6.198381e+01 0.0563489
1100 10 6.198381e+01 0.0563489
1100 20 6.198379e+01 0.0563489
1100 50 6.198306e+01 0.0563482
1100 100 6.197172e+01 0.0563379
1100 150 6.192171e+01 0.0562925
1100 500 4.998407e+01 0.0454401
1100 1000 3.280541e+01 0.0298231
1200 1 6.762530e+01 0.0563544
1200 10 6.762530e+01 0.0563544
1200 20 6.762529e+01 0.0563544
1200 50 6.762473e+01 0.0563539
1200 100 6.761601e+01 0.0563467
1200 150 6.757767e+01 0.0563147
1200 500 5.949901e+01 0.0495825
1200 1000 3.579431e+01 0.0298286
1300 1 7.326541e+01 0.056358
1300 10 7.326541e+01 0.056358
1300 20 7.326540e+01 0.056358
1300 50 7.326496e+01 0.0563577
1300 100 7.325811e+01 0.0563524
1300 150 7.322807e+01 0.0563293
1300 500 6.733478e+01 0.051796
1300 1000 3.878184e+01 0.0298322
1400 1 7.890461e+01 0.0563604
1400 10 7.890461e+01 0.0563604
1400 20 7.890460e+01 0.0563604
1400 50 7.890425e+01 0.0563602
1400 100 7.889877e+01 0.0563563
1400 150 7.887479e+01 0.0563391
1400 500 7.438842e+01 0.0531346
1400 1000 4.176846e+01 0.0298346
1500 1 8.454319e+01 0.0563621
1500 10 8.454318e+01 0.0563621
1500 20 8.454318e+01 0.0563621
1500 50 8.454289e+01 0.0563619
1500 100 8.453844e+01 0.056359
1500 150 8.451899e+01 0.056346
1500 500 8.100162e+01 0.0540011
1500 1000 4.475445e+01 0.0298363
2000 1 1.127315e+02 0.0563657
2000 10 1.127315e+02 0.0563657
2000 20 1.127315e+02 0.0563657
2000 50 1.127313e+02 0.0563657
2000 100 1.127295e+02 0.0563647
2000 150 1.127213e+02 0.0563606
2000 500 1.113669e+02 0.0556835
1995 1000 5.953057e+01 0.0298399
10000 1 5.636737e+02 0.0563674
10000 10 5.636737e+02 0.0563674
10000 20 5.636737e+02 0.0563674
10000 50 5.636737e+02 0.0563674
10000 100 5.636737e+02 0.0563674
10000 150 5.636737e+02 0.0563674
10000 500 5.636638e+02 0.0563664
10000 1000 5.635124e+02 0.0563512
