300 300 0.007283 3.257e-05 0.006694 2.98e-05 1.08799 0.00686532
300 500 0.00048 2.903e-06 0.0004415 2.685e-06 1.0872 0.00932478
300 600 0.0002205 8.399e-07 0.0002036 7.714e-07 1.08301 0.00581848
300 800 6.255e-05 5.322e-07 5.832e-05 5.002e-07 1.07253 0.0129574
400 1000 2.998e-05 1.437e-07 2.804e-05 1.078e-07 1.06919 0.00656963
400 300 0.02063 0.0001533 0.019 0.0001532 1.08579 0.0119058
400 500 0.0007293 6.965e-06 0.000665 6.305e-06 1.09669 0.0147586
400 600 0.0003157 3.386e-06 0.0002892 3.066e-06 1.09163 0.0164626
400 800 8.447e-05 1.093e-06 7.858e-05 1.024e-06 1.07496 0.0197408
500 1000 5.803e-05 2.895e-07 5.388e-05 2.669e-07 1.07702 0.00757188
500 300 0.3908 0.003688 0.3594 0.00348 1.08737 0.0147022
500 500 0.001781 7.151e-06 0.001635 6.631e-06 1.0893 0.00621662
500 600 0.0006636 2.865e-06 0.000611 2.563e-06 1.08609 0.00653782
500 800 0.0001647 7.738e-07 0.0001516 7.096e-07 1.08641 0.00720503
600 1000 9.383e-05 4.039e-07 8.679e-05 3.706e-07 1.08112 0.00655508
600 300 0.4997 0.00272 0.4588 0.002449 1.08915 0.00830338
600 400 0.07135 0.0003281 0.0655 0.0002998 1.08931 0.00706759
800 1000 0.0001811 9.351e-07 0.0001668 8.548e-07 1.08573 0.00789855
800 300 0.3092 0.00135 0.284 0.001229 1.08873 0.00669281
800 400 0.1018 0.0007004 0.09347 0.0006594 1.08912 0.0107324
800 500 0.04098 0.0002121 0.03763 0.0001941 1.08902 0.00795763
800 600 0.01135 5.857e-05 0.01041 5.344e-05 1.0903 0.00793616
1000 1000 0.0003357 1.855e-06 0.0003086 1.68e-06 1.08782 0.00843816
1000 300 0.1605 0.0007189 0.1475 0.0006513 1.08814 0.00684402
1000 400 0.06563 0.0004264 0.06032 0.0004023 1.08803 0.0101305
1000 500 0.03848 0.0001642 0.03538 0.0001484 1.08762 0.00650776
1000 600 0.02126 0.0001249 0.01955 0.0001056 1.08747 0.0086787
1000 700 0.009642 4.568e-05 0.008869 4.158e-05 1.08716 0.00724609
1000 800 0.003093 1.759e-05 0.002844 1.604e-05 1.08755 0.0087107
1200 1000 0.00108 6.565e-06 0.000998 5.978e-06 1.08216 0.00923528
1200 300 0.08457 0.0003856 0.07792 0.0003481 1.08534 0.00692812
1200 400 0.03809 0.0001698 0.03509 0.0001533 1.08549 0.00677532
1200 500 0.02593 0.000191 0.02387 0.0001651 1.0863 0.0109763
1200 600 0.01773 0.0001092 0.01634 9.472e-05 1.08507 0.00917745
1200 700 0.01126 6.791e-05 0.01037 5.802e-05 1.08582 0.0089327
1200 800 0.006347 3.959e-05 0.005849 3.368e-05 1.08514 0.0092119
1400 1000 0.002249 1.345e-05 0.002079 1.23e-05 1.08177 0.00910027
1400 300 0.0461 0.0002149 0.04261 0.000194 1.08191 0.00704981
1400 400 0.02192 9.927e-05 0.02027 8.966e-05 1.0814 0.00684579
1400 500 0.0159 7.382e-05 0.0147 7.251e-05 1.08163 0.00732692
1400 600 0.01218 7.897e-05 0.01126 6.928e-05 1.08171 0.0096686
1400 700 0.008957 5.548e-05 0.008283 4.822e-05 1.08137 0.00919208
1400 800 0.006199 3.68e-05 0.005732 3.156e-05 1.08147 0.00875636
1700 1000 0.002284 1.333e-05 0.002132 1.148e-05 1.07129 0.00850691
1700 300 0.01985 9.521e-05 0.01851 8.648e-05 1.07239 0.00718058
1700 400 0.00988 4.607e-05 0.009209 4.184e-05 1.07286 0.00698478
1700 500 0.007572 3.462e-05 0.007067 3.141e-05 1.07146 0.00683207
1700 600 0.00625 3.382e-05 0.005825 3.132e-05 1.07296 0.0081849
1700 700 0.005155 3.827e-05 0.004806 3.283e-05 1.07262 0.0108211
1700 800 0.004101 2.87e-05 0.003826 2.472e-05 1.07188 0.0102094
2000 1000 0.001576 7.013e-06 0.001491 6.421e-06 1.05701 0.00654555
2000 300 0.009096 4.532e-05 0.008594 4.166e-05 1.05841 0.00735755
2000 400 0.004647 2.252e-05 0.004395 2.067e-05 1.05734 0.00714027
2000 500 0.0037 1.735e-05 0.003498 1.595e-05 1.05775 0.00691833
2000 600 0.003171 1.43e-05 0.003 1.311e-05 1.057 0.00663755
2000 700 0.002743 2.132e-05 0.002594 1.968e-05 1.05744 0.0114853
2000 800 0.002331 1.093e-05 0.002204 1.024e-05 1.05762 0.00698133
2500 1000 0.0006627 2.951e-06 0.0006468 2.82e-06 1.02458 0.00638522
2500 300 0.002745 1.547e-05 0.002674 1.465e-05 1.02655 0.00806854
2500 400 0.001438 7.567e-06 0.001399 7.187e-06 1.02788 0.00755903
2500 500 0.001176 5.914e-06 0.001147 5.622e-06 1.02528 0.00719998
2500 600 0.001048 5.058e-06 0.001021 4.843e-06 1.02644 0.00694602
2500 700 0.0009349 4.378e-06 0.0009123 4.174e-06 1.02477 0.00670909
2500 800 0.000846 3.832e-06 0.0008252 3.664e-06 1.02521 0.00650272
2750 1000 0.0004127 1.861e-06 0.0004095 2.27e-06 1.00781 0.00720166
2750 300 0.001566 1.021e-05 0.001547 1.217e-05 1.01228 0.0103429
2750 500 0.0006806 3.599e-06 0.000674 3.489e-06 1.00979 0.00747243
2750 800 0.0005072 2.337e-06 0.0005032 2.288e-06 1.00795 0.00652484
3000 1000 0.0002587 1.157e-06 0.0002596 1.178e-06 0.996533 0.00634919
3000 300 0.0009142 7.608e-06 0.0009145 8.686e-06 0.999672 0.012624
3000 500 0.0004008 2.346e-06 0.0004016 2.291e-06 0.998008 0.00815712
3000 800 0.0003067 1.473e-06 0.0003078 1.483e-06 0.996426 0.00677863
3500 1000 0.0001016 4.767e-07 0.0001032 5.014e-07 0.984496 0.0066495
3500 300 0.0003324 3.301e-06 0.0003364 1.59e-06 0.988109 0.0108674
3500 500 0.0001478 1.035e-06 0.0001491 1.01e-06 0.991281 0.00965798
3500 800 0.0001182 6.389e-07 0.000119 6.4e-07 0.993277 0.00757378
4000 1000 4.199e-05 2.3e-07 4.117e-05 2.324e-07 1.01992 0.00802226
4000 300 0.0001323 5.824e-07 0.0001299 6.517e-07 1.01848 0.00679777
4000 500 5.884e-05 5.689e-07 5.734e-05 5.23e-07 1.02616 0.0136396
4000 800 4.773e-05 3.18e-07 4.671e-05 3.082e-07 1.02184 0.00958156
